0 116.23 90.89763 140.6926 41.13483 149.0045 45.4031 49.86898 146.6869 161.9286 168.6101 56.59786 157.1512 77.48804 180.4112 78.15437 89.81107 108.2161 183.0515 183.2194 130.8836 186.5506 128.7213 146.1862 145.9938 186.8537 178.1749
116.23 0 26.93297 32.65859 150.6486 51.40811 149.8851 154.0938 57.2401 70.33731 79.09735 156.363 68.13374 165.1662 104.2552 155.3601 175.7467 168.1705 117.8598 124.8801 133.7637 139.6406 165.8343 148.4007 179.7101 150.7242 166.9059
90.89763 26.93297 0 57.69586 127.2969 73.63419 127.4755 131.8503 76.89098 91.59329 100.1215 135.0259 88.4138 146.4448 122.4199 138.2537 157.7361 155.2207 133.5033 138.9299 131.8484 151.2425 157.7855 147.6638 173.0903 159.9595 170.4976
140.6926 32.65859 57.69586 0 170.9241 20.92107 168.6752 172.5305 29.853 39.72081 48.37298 173.3693 38.74677 178.1795 75.50791 166.4435 187.5017 173.3836 91.25411 99.72678 126.7983 116.6425 164.9373 139.3017 176.5948 129.9714 152.0247
41.13483 150.6486 127.2969 170.9241 0 175.5 9.192388 11.59171 171.1161 185.4625 190.9248 20.25272 180.351 44.37927 197.4423 51.75184 55.38599 84.05062 196.254 194.1318 127.6107 193.2829 111.4551 140.4022 127.5423 189.8379 173.2059
149.0045 51.40811 73.63419 20.92107 175.5 0 172.2042 175.7387 10.78037 19.05299 27.80782 175.5442 17.83886 177.5179 54.58696 164.7113 185.8429 167.7377 70.56151 79.3548 114.8651 96.84268 155.7113 125.8511 165.8731 110.9046 135.3439
45.4031 149.8851 127.4755 168.6752 9.192388 172.2042 0 4.568125 167.3386 181.39 186.5463 11.96316 176.23 35.73688 191.9393 42.566 47.16713 74.87395 190.0608 187.5661 119.4738 186.0872 102.3291 131.9434 118.3682 182.1535 164.7133
49.86898 154.0938 131.8503 172.5305 11.59171 175.7387 4.568125 0 170.706 184.6371 189.6676 8.686179 179.4609 32.8242 194.5383 41.029 43.81039 73.15364 192.2797 189.5556 120.2367 187.6358 101.3985 132.3099 117.1566 183.3023 165.0079
146.6869 57.2401 76.89098 29.853 171.1161 10.78037 167.3386 170.706 0 15.51834 23.46882 170.0399 11.57104 170.7818 47.03969 157.5949 178.6732 159.1604 61.67939 69.90413 104.6529 86.85333 146.0667 115.3257 155.8298 100.539 124.5698
161.9286 70.33731 91.59329 39.72081 185.4625 19.05299 181.39 184.6371 15.51834 0 8.765558 183.6208 5.246904 183.2134 36.29359 169.6327 190.5843 169.04 53.46966 63.1094 110.5809 81.6719 153.6066 119.527 162.0387 96.92988 124.7053
168.6101 79.09735 100.1215 48.37298 190.9248 27.80782 186.5463 189.6676 23.46882 8.765558 0 188.3148 11.94582 186.9072 28.46563 173.0416 193.8461 170.8661 46.44748 56.58732 110.1942 75.67283 153.9489 118.0614 161.5259 91.53581 120.9841
56.59786 156.363 135.0259 173.3693 20.25272 175.5442 11.96316 8.686179 170.0399 183.6208 188.3148 0 178.4097 24.13841 191.9399 32.96584 35.26226 64.83242 188.8845 185.7155 114.4688 182.9994 93.64342 125.9597 109.1412 178.012 158.5162
157.1512 68.13374 88.4138 38.74677 180.351 17.83886 176.23 179.4609 11.57104 5.246904 11.94582 178.4097 0 177.9672 36.77889 164.3938 185.3506 163.9552 52.88313 61.99888 106.0424 80.03857 148.8296 115.3422 157.4948 94.80484 121.515
77.48804 165.1662 146.4448 178.1795 44.37927 177.5179 35.73688 32.8242 170.7818 183.2134 186.9072 24.13841 177.9672 0 186.9274 15.11652 12.40005 42.60935 181.5705 177.1118 100.9 172.0179 73.36144 110.219 87.67657 165.0637 141.9206
180.4112 104.2552 122.4199 75.50791 197.4423 54.58696 191.9393 194.5383 47.03969 36.29359 28.46563 191.9399 36.77889 186.9274 0 172.2848 192.2534 164.8031 18.94608 29.85144 98.73025 49.56053 143.4768 103.0046 148.2912 66.45743 99.47013
78.15437 155.3601 138.2537 166.4435 51.75184 164.7113 42.566 41.029 157.5949 169.6327 173.0416 32.96584 164.3938 15.11652 172.2848 0 21.14114 32.3284 166.6201 162.056 85.89838 156.906 60.77008 95.61497 76.18194 150.0636 127.6119
89.81107 175.7467 157.7361 187.5017 55.38599 185.8429 47.16713 43.81039 178.6732 190.5843 193.8461 35.26226 185.3506 12.40005 192.2534 21.14114 0 38.1244 185.7927 180.687 102.3896 174.301 70.04461 110.0563 82.73794 166.2072 140.7595
108.2161 168.1705 155.2207 173.3836 84.05062 167.7377 74.87395 73.15364 159.1604 169.04 170.8661 64.83242 163.9552 42.60935 164.8031 32.3284 38.1244 0 155.8516 149.4626 68.95864 140.7966 31.9737 73.94559 45.1165 131.0765 103.4051
183.0515 117.8598 133.5033 91.25411 196.254 70.56151 190.0608 192.2797 61.67939 53.46966 46.44748 188.8845 52.88313 181.5705 18.94608 166.6201 185.7927 155.8516 0 11.0537 87.75605 30.76533 132.0914 89.55512 135.1602 47.90801 82.2679
183.2194 124.8801 138.9299 99.72678 194.1318 79.3548 187.5661 189.5556 69.90413 63.1094 56.58732 185.7155 61.99888 177.1118 29.85144 162.056 180.687 149.4626 11.0537 0 80.72939 19.7297 124.4434 81.01105 126.5244 36.86346 71.68258
130.8836 133.7637 131.8484 126.7983 127.6107 114.8651 119.4738 120.2367 104.6529 110.5809 110.1942 114.4688 106.0424 100.9 98.73025 85.89838 102.3896 68.95864 87.75605 80.72939 0 72.10446 44.74651 16.48381 51.45836 64.16649 47.29166
186.5506 139.6406 151.2425 116.6425 193.2829 96.84268 186.0872 187.6358 86.85333 81.6719 75.67283 182.9994 80.03857 172.0179 49.56053 156.906 174.301 140.7966 30.76533 19.7297 72.10446 0 113.4044 68.75395 113.2329 17.42562 53.90905
128.7213 165.8343 157.7855 164.9373 111.4551 155.7113 102.3291 101.3985 146.0667 153.6066 153.9489 93.64342 148.8296 73.36144 143.4768 60.77008 70.04461 31.9737 132.0914 124.4434 44.74651 113.4044 0 44.78305 17.34669 101.9791 71.99785
146.1862 148.4007 147.6638 139.3017 140.4022 125.8511 131.9434 132.3099 115.3257 119.527 118.0614 125.9597 115.3422 110.219 103.0046 95.61497 110.0563 73.94559 89.55512 81.01105 16.48381 68.75395 44.78305 0 45.60522 57.35184 32.82071
145.9938 179.7101 173.0903 176.5948 127.5423 165.8731 118.3682 117.1566 155.8298 162.0387 161.5259 109.1412 157.4948 87.67657 148.2912 76.18194 82.73794 45.1165 135.1602 126.5244 51.45836 113.2329 17.34669 45.60522 0 99.83456 65.96533
186.8537 150.7242 159.9595 129.9714 189.8379 110.9046 182.1535 183.3023 100.539 96.92988 91.53581 178.012 94.80484 165.0637 66.45743 150.0636 166.2072 131.0765 47.90801 36.86346 64.16649 17.42562 101.9791 57.35184 99.83456 0 37.41532
178.1749 166.9059 170.4976 152.0247 173.2059 135.3439 164.7133 165.0079 124.5698 124.7053 120.9841 158.5162 121.515 141.9206 99.47013 127.6119 140.7595 103.4051 82.2679 71.68258 47.29166 53.90905 71.99785 32.82071 65.96533 37.41532 0
