0 43.25766 86.46145 114.5036 89.78385 140.6424 148.6334 42.87218 48.9563 47.91192 55.89509 146.8568 167.188 51.47199 79.87063 180.8321 80.31692 123.3157 183.4689 105.0047 186.0689 131.8734 182.126 146.6873 188.0205 179.4188
43.25766 0 46.01087 76.07956 50.15974 106.5783 118.4457 85.10288 90.73726 88.49011 95.63621 119.3323 140.753 88.72993 115.9515 159.979 111.6028 146.3599 166.8074 131.5523 174.9356 136.8941 169.9014 152.7745 182.2889 182.4829
86.46145 46.01087 0 30.55329 5 63.59243 78.67231 124.7417 129.4961 125.9147 131.7045 82.33104 103.5981 122.8739 146.8062 127.5172 138.0082 161.4781 138.3136 151.4761 151.7714 134.2125 145.8852 149.6359 164.3929 173.9045
114.5036 76.07956 30.55329 0 26.00252 34.78331 52.45523 150.0575 154.2163 149.9892 154.8798 58.68191 78.60792 145.2856 166.6139 105.4914 155.6001 171.4208 119.0072 164.7445 136.007 134.1203 129.7145 148.3354 152.0257 167.7825
89.78385 50.15974 5 26.00252 0 58.64895 73.67604 127.2969 131.8986 128.1425 133.7154 77.40413 98.64263 124.6796 148.0584 122.7295 138.7637 160.8137 133.7347 151.4001 147.5268 131.8484 141.5927 147.1415 160.5212 170.8026
140.6424 106.5783 63.59243 34.78331 58.64895 0 19.80942 171.4017 174.6462 169.6754 173.2563 29.18343 45.76965 162.9928 180.3944 74.64063 167.0687 173.3029 90.45427 170.7558 110.5573 126.3809 104.0697 138.4121 129.6304 151.6245
148.6334 118.4457 78.67231 52.45523 73.67604 19.80942 0 175.6304 178.2307 172.8638 175.5574 10.96923 26.29937 165.0584 179.7638 54.83169 165.3059 166.0288 70.84483 165.8 91.60111 115.0228 85.10432 125.6639 111.5234 135.7654
42.87218 85.10288 124.7417 150.0575 127.2969 171.4017 175.6304 0 6.5 9.486833 17.18597 171.5975 189.9838 20.94039 44.03686 197.8665 51.98414 100.0293 196.446 79.41347 193.6575 127.6107 190.9607 139.907 190.2765 173.4177
48.9563 90.73726 129.4961 154.2163 131.8986 174.6462 178.2307 6.5 0 6.264982 11.67155 173.8484 191.8443 18.11767 38.20944 198.7814 47.39876 95.52955 196.7356 74.78135 193.1347 125.7269 190.6391 137.5415 188.9662 170.9656
47.91192 88.49011 125.9147 149.9892 128.1425 169.6754 172.8638 9.486833 6.264982 0 8.424674 168.3036 186.1183 12.02082 35.05631 192.737 42.50118 90.56521 190.5592 69.93211 186.8751 119.5512 184.3909 131.474 182.7228 164.927
55.89509 95.63621 131.7045 154.8798 133.7154 173.2563 175.5574 17.18597 11.67155 8.424674 0 170.5345 187.7743 10.59364 26.85821 193.1024 35.88668 83.98614 190.09 63.20291 185.3297 116.3524 183.1175 127.6 180.1429 160.8808
146.8568 119.3323 82.33104 58.68191 77.40413 29.18343 10.96923 171.5975 173.8484 168.3036 170.5345 0 21.52011 159.9712 173.3177 46.84888 158.4105 156.9269 61.53894 157.5621 81.39152 104.7979 74.9006 115.0806 100.8576 124.7967
167.188 140.753 103.5981 78.60792 98.64263 45.76965 26.29937 189.9838 191.8443 186.1183 187.7743 21.52011 0 177.1807 188.4517 29.91245 172.8526 166.1172 47.82483 169.1599 70.88853 110.2464 64.54385 118.0651 92.9136 121.8853
51.47199 88.72993 122.8739 145.2856 124.6796 162.9928 165.0584 20.94039 18.11767 12.02082 10.59364 159.9712 177.1807 0 28.39885 182.6402 31.98334 79.58276 179.8508 59.20304 175.5388 107.6151 173.195 119.4585 170.9625 152.9071
79.87063 115.9515 146.8062 166.6139 148.0584 180.3944 179.7638 44.03686 38.20944 35.05631 26.85821 173.3177 188.4517 28.39885 0 189.5758 17.08052 60.76007 183.9568 40.17372 175.8784 103.0322 174.5463 111.8477 167.5468 144.0459
180.8321 159.979 127.5172 105.4914 122.7295 74.64063 54.83169 197.8665 198.7814 192.737 193.1024 46.84888 29.91245 182.6402 189.5758 0 173.0432 158.0072 19.15767 164.6526 43.61782 99.10304 37.80414 103.2267 66.98754 99.93071
80.31692 111.6028 138.0082 155.6001 138.7637 167.0687 165.3059 51.98414 47.39876 42.50118 35.88668 158.4105 172.8526 31.98334 17.08052 173.0432 0 48.13187 167.0718 27.43205 158.8001 86.06403 157.4908 95.28946 150.5907 127.843
123.3157 146.3599 161.4781 171.4208 160.8137 173.3029 166.0288 100.0293 95.52955 90.56521 83.98614 156.9269 166.1172 79.58276 60.76007 158.0072 48.13187 0 147.2469 20.83793 132.8752 59.38907 133.4037 61.12412 118.8884 88.95988
183.4689 166.8074 138.3136 119.0072 133.7347 90.45427 70.84483 196.446 196.7356 190.5592 190.09 61.53894 47.82483 179.8508 183.9568 19.15767 167.0718 147.2469 0 155.9352 24.58195 87.85827 19.11235 89.58181 48.17828 82.45001
105.0047 131.5523 151.4761 164.7445 151.4001 170.7558 165.8 79.41347 74.78135 69.93211 63.20291 157.5621 169.1599 59.20304 40.17372 164.6526 27.43205 20.83793 155.9352 0 144.1882 69.58448 143.8836 75.26938 132.7204 105.8769
186.0689 174.9356 151.7714 136.007 147.5268 110.5573 91.60111 193.6575 193.1347 186.8751 185.3297 81.39152 70.88853 175.5388 175.8784 43.61782 158.8001 132.8752 24.58195 144.1882 0 74.61274 6.496889 72.5326 23.73774 59.58058
131.8734 136.8941 134.2125 134.1203 131.8484 126.3809 115.0228 127.6107 125.7269 119.5512 116.3524 104.7979 110.2464 107.6151 103.0322 99.10304 86.06403 59.38907 87.85827 69.58448 74.61274 0 74.5151 15.92104 64.527 47.54818
182.126 169.9014 145.8852 129.7145 141.5927 104.0697 85.10432 190.9607 190.6391 184.3909 183.1175 74.9006 64.54385 173.195 174.5463 37.80414 157.4908 133.4037 19.11235 143.8836 6.496889 74.5151 0 73.82398 29.18477 63.63295
146.6873 152.7745 149.6359 148.3354 147.1415 138.4121 125.6639 139.907 137.5415 131.474 127.6 115.0806 118.0651 119.4585 111.8477 103.2267 95.28946 61.12412 89.58181 75.26938 72.5326 15.92104 73.82398 0 57.84063 33.54705
188.0205 182.2889 164.3929 152.0257 160.5212 129.6304 111.5234 190.2765 188.9662 182.7228 180.1429 100.8576 92.9136 170.9625 167.5468 66.98754 150.5907 118.8884 48.17828 132.7204 23.73774 64.527 29.18477 57.84063 0 37.47554
179.4188 182.4829 173.9045 167.7825 170.8026 151.6245 135.7654 173.4177 170.9656 164.927 160.8808 124.7967 121.8853 152.9071 144.0459 99.93071 127.843 88.95988 82.45001 105.8769 59.58058 47.54818 63.63295 33.54705 37.47554 0
