0 25.38713 6.324555 53.31592 69.37529 22.93 79.7159 92.28224 106.0047 103.0511 107.8466 110.1915 135.4572 148.2755 129.4136 164.911 147.2993 140.6023 173.4021 147.6775 157.1031 181.1555 172.1097 181.1743 181.1818 197.6464
25.38713 0 31.23487 28.28731 91.57485 46.34509 54.94005 68.27197 127.8287 123.7621 127.9167 128.9826 148.9391 129.0802 141.7368 149.5744 153.0966 137.6548 160.1527 144.3224 154.1108 170.0157 173.8185 171.5754 175.6184 192.3265
6.324555 31.23487 0 58.77694 63.13242 16.68869 84.95072 97.13228 99.76472 96.93394 101.8067 104.335 130.4895 151.2975 124.6943 166.7439 143.9143 139.3018 174.6268 146.4434 155.7399 181.7858 169.5725 181.3968 180.3708 196.7291
53.31592 28.28731 58.77694 0 115.1488 72.41801 26.68639 40.56032 150.341 145.1348 148.5302 148.2269 162.1155 105.8933 153.8814 130.4567 157.9049 133.309 143.2235 139.2595 149.1281 155.3003 173.545 158.5877 167.1326 183.7602
69.37529 91.57485 63.13242 115.1488 0 46.44917 138.2005 146.8532 36.63231 34.62937 40.30141 45.2063 81.61914 182.7285 79.58943 186.5483 113.0626 131.526 188.2783 138.5473 145.6009 189.3372 145.8963 185.0323 173.8584 188.1097
22.93 46.34509 16.68869 72.41801 46.44917 0 97.67363 108.6866 83.08081 80.30091 85.26053 88.07253 116.0444 157.438 110.8558 169.5793 133.2733 134.0823 175.788 141.334 150.2208 181.3261 160.9388 179.8619 176.1317 192.1285
79.7159 54.94005 84.95072 26.68639 138.2005 97.67363 0 15.25427 172.1863 166.1649 168.9309 167.5694 176.3294 85.4502 167.4133 114.2915 165.0352 132.7822 129.2013 137.8002 147.4027 143.3928 175.6339 148.4391 161.4092 177.5777
92.28224 68.27197 97.13228 40.56032 146.8532 108.6866 15.25427 0 179.6067 172.9933 175.2653 173.1437 178.3766 70.80773 169.1163 100.9654 162.9063 126.8285 116.6312 131.2647 140.5906 131.6208 170.5522 137.4189 152.3898 168.1985
106.0047 127.8287 99.76472 150.341 36.63231 83.08081 172.1863 179.6067 0 9.869675 14.38891 23.81738 65.57988 207.6879 68.12988 206.1856 108.7934 140.4635 204.8796 146.7733 151.9193 202.7976 143.5427 196.6269 180.3898 192.6464
103.0511 123.7621 96.93394 145.1348 34.62937 80.30091 166.1649 172.9933 9.869675 0 6.630177 15.31558 57.41131 198.9751 59.20399 196.7912 99.37283 130.601 195.2447 136.9044 142.0602 193.0067 134.0726 186.7852 170.5379 182.8507
107.8466 127.9167 101.8067 148.5302 40.30141 85.26053 168.9309 175.2653 14.38891 6.630177 0 9.429052 51.37691 198.9191 53.74097 195.5398 94.52566 127.6386 193.3783 133.774 138.574 190.5468 129.2978 184.0076 166.9552 178.9085
110.1915 128.9826 104.335 148.2269 45.2063 88.07253 167.5694 173.1437 23.81738 15.31558 9.429052 0 42.1095 193.651 44.31333 188.9303 85.21998 119.4975 186.1473 125.4859 130.007 182.7652 120.0043 175.9567 158.2966 170.0094
135.4572 148.9391 130.4895 162.1155 81.61914 116.0444 176.3294 178.3766 65.57988 57.41131 51.37691 42.1095 0 182.7866 9.90838 170.5759 48.57016 93.3423 164.0156 97.83996 99.82329 157.0682 82.42418 148.5176 126.5296 135.9304
148.2755 129.0802 151.2975 105.8933 182.7285 157.438 85.4502 70.80773 207.6879 198.9751 198.9191 193.651 182.7866 0 172.8867 35.90221 149.7494 100.4935 54.46802 101.0652 107.3935 72.53078 142.3066 81.91544 106.085 118.6189
129.4136 141.7368 124.6943 153.8814 79.58943 110.8558 167.4133 169.1163 68.12988 59.20399 53.74097 44.31333 9.90838 172.8867 0 160.9484 41.95187 84.27384 154.6979 89.03475 91.52622 148.1781 76.55329 139.8814 118.7336 128.8302
164.911 149.5744 166.7439 130.4567 186.5483 169.5793 114.2915 100.9654 206.1856 196.7912 195.5398 188.9303 170.5759 35.90221 160.9484 0 130.9539 79.8566 18.72375 78.1113 81.99166 37.09653 116.6165 47.3502 74.15148 84.86153
147.2993 153.0966 143.9143 157.9049 113.0626 133.2733 165.0352 162.9063 108.7934 99.37283 94.52566 85.21998 48.57016 149.7494 41.95187 130.9539 0 51.0973 121.4005 53.6159 53.29022 111.9543 34.78913 102.4328 78.52384 87.36815
140.6023 137.6548 139.3018 133.309 131.526 134.0823 132.7822 126.8285 140.4635 130.601 127.6386 119.4975 93.3423 100.4935 84.27384 79.8566 51.0973 0 71.01387 7.273668 16.54132 64.01765 44.30034 56.49017 42.69824 58.15104
173.4021 160.1527 174.6268 143.2235 188.2783 175.788 129.2013 116.6312 204.8796 195.2447 193.3783 186.1473 164.0156 54.46802 154.6979 18.72375 121.4005 71.01387 0 67.7851 69.76697 18.45576 103.2172 29.25015 57.51735 66.89927
147.6775 144.3224 146.4434 139.2595 138.5473 141.334 137.8002 131.2647 146.7733 136.9044 133.774 125.4859 97.83996 101.0652 89.03475 78.1113 53.6159 7.273668 67.7851 0 9.882118 59.23968 41.68342 50.94363 35.48817 50.87763
157.1031 154.1108 155.7399 149.1281 145.6009 150.2208 147.4027 140.5906 151.9193 142.0602 138.574 130.007 99.82329 107.3935 91.52622 81.99166 53.29022 16.54132 69.76697 9.882118 0 58.80181 35.02263 49.15032 28.55687 42.67123
181.1555 170.0157 181.7858 155.3003 189.3372 181.3261 143.3928 131.6208 202.7976 193.0067 190.5468 182.7652 157.0682 72.53078 148.1781 37.09653 111.9543 64.01765 18.45576 59.23968 58.80181 0 89.90588 11.72489 41.28683 48.89855
172.1097 173.8185 169.5725 173.545 145.8963 160.9388 175.6339 170.5522 143.5427 134.0726 129.2978 120.0043 82.42418 142.3066 76.55329 116.6165 34.78913 44.30034 103.2172 41.68342 35.02263 89.90588 0 78.87435 50.7603 55.54964
181.1743 171.5754 181.3968 158.5877 185.0323 179.8619 148.4391 137.4189 196.6269 186.7852 184.0076 175.9567 148.5176 81.91544 139.8814 47.3502 102.4328 56.49017 29.25015 50.94363 49.15032 11.72489 78.87435 0 29.61799 37.65064
181.1818 175.6184 180.3708 167.1326 173.8584 176.1317 161.4092 152.3898 180.3898 170.5379 166.9552 158.2966 126.5296 106.085 118.7336 74.15148 78.52384 42.69824 57.51735 35.48817 28.55687 41.28683 50.7603 29.61799 0 16.72373
197.6464 192.3265 196.7291 183.7602 188.1097 192.1285 177.5777 168.1985 192.6464 182.8507 178.9085 170.0094 135.9304 118.6189 128.8302 84.86153 87.36815 58.15104 66.89927 50.87763 42.67123 48.89855 55.54964 37.65064 16.72373 0
