0 58.79386 118.9784 135.5759 47.10492 48.1072 157.5872 165.7391 31.82924 37.86761 107.5829 39.80132 160.8669 177.5305 46.07224 179.9891 181.5315 182.4609 194.6869 195.5019 103.9165 196.5366 138.9911 192.8788 149.1989 198.065 197.7583 183.1003
58.79386 0 63.54855 81.46001 12.41974 12.41974 107.9989 119.6883 85.40053 90.73726 134.2144 85.39231 118.5928 135.2668 89.11369 139.5502 141.4682 143.98 160.6246 166.7115 131.873 170.9825 137.3836 169.6003 148.797 178.1327 182.6422 180.1604
118.9784 63.54855 0 18.33724 72.92186 71.50343 48.32997 63.46961 139.6742 143.9147 159.8844 134.7194 67.68644 82.32254 136.1145 88.46483 90.65648 94.88503 115.2446 127.0344 159.1345 134.6989 134.3089 136.1696 144.8406 147.6682 157.2411 168.7732
135.5759 81.46001 18.33724 0 90.29036 88.75742 31.1892 47.50276 154.5832 158.4978 167.2581 148.5423 54.10687 67.13456 149.368 73.84335 76.07482 80.8516 102.0192 115.5237 166.9456 124.1539 134.5313 126.5558 144.389 138.7345 149.7126 165.3422
47.10492 12.41974 72.92186 90.29036 0 2.12132 115.1152 125.6119 73.00685 78.32305 124.0568 73.06668 123.2416 140.0554 76.91879 143.8002 145.6177 147.6702 163.1663 167.8717 121.5206 171.341 131.9413 169.3768 143.2696 177.1638 180.5845 175.4621
48.1072 12.41974 71.50343 88.75742 2.12132 0 113.3346 123.7105 73.36552 78.60025 122.9506 72.99626 121.2477 138.0658 76.6942 141.778 143.5897 145.6194 161.0718 165.7525 120.4668 169.2202 130.0807 167.2603 141.4202 175.0603 178.514 173.546
157.5872 107.9989 48.32997 31.1892 115.1152 113.3346 0 17.2509 172.4234 175.5715 170.3925 164.2435 27.86323 37.21584 163.9123 44.47314 46.69432 52.07125 73.79512 89.33689 170.871 99.14241 126.4497 102.8516 134.7901 115.741 128.5742 150.2304
165.7391 119.6883 63.46961 47.50276 125.6119 123.7105 17.2509 0 177.8601 180.5146 167.4853 168.5212 13.92258 19.97431 167.5223 27.23924 29.455 34.9173 56.68158 72.75458 168.3923 82.92779 118.2512 87.13769 125.6118 100.2132 113.7386 138.0075
31.82924 85.40053 139.6742 154.5832 73.00685 73.36552 172.4234 177.8601 0 6.041523 83.66676 14.82362 170.7645 186.7579 20.94039 187.9747 189.2261 189.1415 198.2495 195.9428 79.588 195.0906 127.6107 190.2906 136.4927 193.4244 190.5069 170.0182
37.86761 90.73726 143.9147 158.4978 78.32305 78.60025 175.5715 180.5146 6.041523 0 79.59057 13.55507 173.0462 188.8674 18.43909 189.8552 191.0497 190.78 199.2843 196.3973 75.44037 195.1885 126.0357 190.1841 134.5916 192.9115 189.4921 167.8996
107.5829 134.2144 159.8844 167.2581 124.0568 122.9506 170.3925 167.4853 83.66676 79.59057 0 69.93179 155.5289 167.2041 63.30711 164.9244 165.225 162.4661 162.2622 152.3323 4.311475 146.9174 65.97479 139.8887 69.53511 137.7782 129.161 98.0853
39.80132 85.39231 134.7194 148.5423 73.06668 72.99626 164.2435 168.5212 14.82362 13.55507 69.93179 0 160.6505 176.2907 6.635172 177.0796 178.2279 177.8202 185.9746 182.8981 65.97232 181.6394 112.9287 176.6292 121.7165 179.3947 176.1145 155.2087
160.8669 118.5928 67.68644 54.10687 123.2416 121.2477 27.86323 13.92258 170.7645 173.0462 155.5289 160.6505 0 16.83385 159.2011 21.26029 23.34524 27.20294 47.93316 62.00594 156.6246 71.45986 104.6518 75 111.8235 87.87796 100.8431 124.1772
177.5305 135.2668 82.32254 67.13456 140.0554 138.0658 37.21584 19.97431 186.7579 188.8674 167.2041 176.2907 16.83385 0 174.5901 7.642479 9.734819 15.63664 37.2535 54.47314 168.6051 65.2764 112.2452 70.37783 118.1298 83.61457 98.14437 126.0815
46.07224 89.11369 136.1145 149.368 76.91879 76.6942 163.9123 167.5223 20.94039 18.43909 63.30711 6.635172 159.2011 174.5901 0 175.1028 176.1817 175.5591 183.0268 179.3495 59.34012 177.7402 107.6151 172.5399 116.1556 174.9308 171.2224 149.4972
179.9891 139.5502 88.46483 73.84335 143.8002 141.778 44.47314 27.23924 187.9747 189.8552 164.9244 177.0796 21.26029 7.642479 175.1028 0 2.236068 8 29.64196 46.88713 166.503 57.77985 108.1665 63.06346 113.4977 76.30576 91.04866 119.9561
181.5315 141.4682 90.65648 76.07482 145.6177 143.5897 46.69432 29.455 189.2261 191.0497 165.225 178.2279 23.34524 9.734819 176.1817 2.236068 0 6.082763 27.51951 44.9841 166.857 55.9713 107.912 61.40033 113.0403 74.63905 89.51308 118.8963
182.4609 143.98 94.88503 80.8516 147.6702 145.6194 52.07125 34.9173 189.1415 190.78 162.4661 177.8202 27.20294 15.63664 175.5591 8 6.082763 0 21.77393 38.91533 164.2293 49.88899 103.9423 55.36244 108.6502 68.59691 83.55272 113.4681
194.6869 160.6246 115.2446 102.0192 163.1663 161.0718 73.79512 56.68158 198.2495 199.2843 162.2622 185.9746 47.93316 37.2535 183.0268 29.64196 27.51951 21.77393 0 19.28541 164.533 30.889 99.45562 37.81543 101.9585 50.55424 66.50783 100.5841
195.5019 166.7115 127.0344 115.5237 167.8717 165.7525 89.33689 72.75458 195.9428 196.3973 152.3323 182.8981 62.00594 54.47314 179.3495 46.88713 44.9841 38.91533 19.28541 0 154.975 11.60727 87.42656 18.90069 88.20656 31.31645 47.40903 82.91401
103.9165 131.873 159.1345 166.9456 121.5206 120.4668 170.871 168.3923 79.588 75.44037 4.311475 65.97232 156.6246 168.6051 59.34012 166.503 166.857 164.2293 164.533 154.975 0 149.7868 69.08871 142.8504 73.07375 141.019 132.6785 102.0648
196.5366 170.9825 134.6989 124.1539 171.341 169.2202 99.14241 82.92779 195.0906 195.1885 146.9174 181.6394 71.45986 65.2764 177.7402 57.77985 55.9713 49.88899 30.889 11.60727 149.7868 0 81.21429 8.155453 80.72545 19.73957 35.9376 72.49558
138.9911 137.3836 134.3089 134.5313 131.9413 130.0807 126.4497 118.2512 127.6107 126.0357 65.97479 112.9287 104.6518 112.2452 107.6151 108.1665 107.912 103.9423 99.45562 87.42656 69.08871 81.21429 0 74.00676 11.43016 71.99902 64.88342 44.35584
192.8788 169.6003 136.1696 126.5558 169.3768 167.2603 102.8516 87.13769 190.2906 190.1841 139.8887 176.6292 75 70.37783 172.5399 63.06346 61.40033 55.36244 37.81543 18.90069 142.8504 8.155453 74.00676 0 73.03403 13.24231 28.71105 64.39744
149.1989 148.797 144.8406 144.389 143.2696 141.4202 134.7901 125.6118 136.4927 134.5916 69.53511 121.7165 111.8235 118.1298 116.1556 113.4977 113.0403 108.6502 101.9585 88.20656 73.07375 80.72545 11.43016 73.03403 0 69.01056 59.62595 33.91807
198.065 178.1327 147.6682 138.7345 177.1638 175.0603 115.741 100.2132 193.4244 192.9115 137.7782 179.3947 87.87796 83.61457 174.9308 76.30576 74.63905 68.59691 50.55424 31.31645 141.019 19.73957 71.99902 13.24231 69.01056 0 16.35492 54.8501
197.7583 182.6422 157.2411 149.7126 180.5845 178.514 128.5742 113.7386 190.5069 189.4921 129.161 176.1145 100.8431 98.14437 171.2224 91.04866 89.51308 83.55272 66.50783 47.40903 132.6785 35.9376 64.88342 28.71105 59.62595 16.35492 0 39.90258
183.1003 180.1604 168.7732 165.3422 175.4621 173.546 150.2304 138.0075 170.0182 167.8996 98.0853 155.2087 124.1772 126.0815 149.4972 119.9561 118.8963 113.4681 100.5841 82.91401 102.0648 72.49558 44.35584 64.39744 33.91807 54.8501 39.90258 0
