0 27.92102 11.1184 14.60767 54.51154 59.56133 70.0173 85.656 101.201 111.816 124.4886 92.82483 99.19813 99.30977 116.5014 141.9352 156.1324 161.6707 145.7214 171.08 150.8737 173.4864 178.089 182.472 167.1372 183.2541 183.0476
27.92102 0 16.81824 13.40755 79.11483 32.78218 43.54831 59.53562 75.82013 88.04002 102.4439 116.6459 122.686 121.7422 134.8245 121.8316 137.2275 144.3282 159.6246 156.549 155.5576 160.5006 165.959 172.7732 168.7399 178.4378 175.3304
11.1184 16.81824 0 3.807887 64.19711 48.87228 59.46342 75.26287 91.10862 102.3382 115.6877 102.2972 108.5435 108.2059 123.7111 133.9123 148.6017 154.7535 151.1881 165.2728 152.594 168.2858 173.2338 178.5791 167.6761 181.2866 179.9347
14.60767 13.40755 3.807887 0 66.49935 45.12206 55.68865 71.47027 87.30138 98.55088 111.9666 104.4105 110.5837 110.0264 124.7601 130.2997 145.0694 151.3358 151.5036 162.0878 151.5694 165.2404 170.2694 175.8551 166.2505 179.0893 177.4176
54.51154 79.11483 64.19711 66.49935 0 104.7917 113.4945 126.9172 139.4421 145.4886 153.2994 38.3406 44.78754 45.58671 67.59106 165.1613 175.7421 177.5448 102.3992 180.3919 124.0422 179.4383 181.9703 181.1218 144.8159 172.1538 177.6894
59.56133 32.78218 48.87228 45.12206 104.7917 0 10.80488 26.83282 43.39391 56.73893 72.53476 139.9913 145.432 143.183 150.839 93.47727 109.7839 118.3791 169.4903 133.3645 154.6954 138.9288 145.2025 154.5736 163.7569 165.6639 159.3142
70.0173 43.54831 59.46342 55.68865 113.4945 10.80488 0 16.02827 32.65752 46.4531 62.7671 147.7966 153.0305 150.4139 156.4015 84.21496 100.7821 109.9041 173.0094 125.8411 154.8781 131.968 138.4994 148.7367 162.4732 161.6774 154.227
85.656 59.53562 75.26287 71.47027 126.9172 26.83282 16.02827 0 16.85323 31.75528 48.99004 159.9173 164.8572 161.7653 165.4802 71.17584 88.07101 98.0616 179.1577 115.5122 156.3676 122.5349 129.4414 141.0142 161.7209 156.7942 147.6652
101.201 75.82013 91.10862 87.30138 139.4421 43.39391 32.65752 16.85323 0 16.13241 33.93152 170.7364 175.3119 171.6998 172.8754 56.47594 73.48846 84.25244 183.2796 103.0598 155.7698 110.9262 118.1454 130.9724 158.7103 149.5271 138.7526
111.816 88.04002 102.3382 98.55088 145.4886 56.73893 46.4531 31.75528 16.13241 0 17.80468 174.4637 178.5835 174.4084 172.8292 40.35491 57.36657 68.25759 179.8702 87.49606 148.2758 95.72731 103.0762 116.5419 149.1527 136.7926 124.9764
124.4886 102.4439 115.6877 111.9666 153.2994 72.53476 62.7671 48.99004 33.93152 17.80468 0 179.5658 183.1649 178.4264 173.8769 22.55128 39.56216 50.59558 177.0949 70.40081 141.0778 79.11334 86.60881 100.8725 139.446 123.2127 110.1248
92.82483 116.6459 102.2972 104.4105 38.3406 139.9913 147.7966 159.9173 170.7364 174.4637 179.5658 0 6.670917 11.14661 40.67148 187.9634 196.0559 195.5957 78.83204 194.2987 115.409 191.2509 192.3075 187.9873 138.2334 172.5509 181.9429
99.19813 122.686 108.5435 110.5837 44.78754 145.432 153.0305 164.8572 175.3119 178.5835 183.1649 6.670917 0 7.336717 36.38285 190.9021 198.5185 197.6543 74.37747 195.6268 113.3021 192.2221 193.0157 188.1065 136.2921 171.6172 181.634
99.30977 121.7422 108.2059 110.0264 45.58671 143.183 150.4139 161.7653 171.6998 174.4084 178.4264 11.14661 7.336717 0 29.63562 185.5497 192.7832 191.6344 67.77874 189.1676 105.968 185.5825 186.2552 181.1185 128.9555 164.3628 174.5162
116.5014 134.8245 123.7111 124.7601 67.59106 150.839 156.4015 165.4802 172.8754 172.8292 173.8769 40.67148 36.38285 29.63562 0 177.4532 182.2606 179.2746 38.16056 173.6889 79.86694 168.7024 168.3324 161.0628 103.0079 140.96 153.0391
141.9352 121.8316 133.9123 130.2997 165.1613 93.47727 84.21496 71.17584 56.47594 40.35491 22.55128 187.9634 190.9021 185.5497 177.4532 0 17.01253 28.39962 175.7904 49.32917 134.4933 58.90331 66.5702 82.07923 129.3372 107.5389 92.5905
156.1324 137.2275 148.6017 145.0694 175.7421 109.7839 100.7821 88.07101 73.48846 57.36657 39.56216 196.0559 198.5185 192.7832 182.2606 17.01253 0 12.69813 177.0263 34.87949 132.1939 45.36157 53.02063 69.62843 124.2046 97.78246 81.26951
161.6707 144.3282 154.7535 151.3358 177.5448 118.3791 109.9041 98.0616 84.25244 68.25759 50.59558 195.5957 197.6543 191.6344 179.2746 28.39962 12.69813 0 171.5071 22.2315 124.6537 32.87014 40.48109 57.32633 115.0184 86.38302 69.30978
145.7214 159.6246 151.1881 151.5036 102.3992 169.4903 173.0094 179.1577 183.2796 179.8702 177.0949 78.83204 74.37747 67.77874 38.16056 175.7904 177.0263 171.5071 0 161.4533 53.63812 154.4672 152.4399 141.9068 75.15527 116.5749 131.7192
171.08 156.549 165.2728 162.0878 180.3919 133.3645 125.8411 115.5122 103.0598 87.49606 70.40081 194.2987 195.6268 189.1676 173.6889 49.32917 34.87949 22.2315 161.4533 0 111.5055 10.98442 18.36946 35.58526 98.85756 66.21182 48.17282
150.8737 155.5576 152.594 151.5694 124.0422 154.6954 154.8781 156.3676 155.7698 148.2758 141.0778 115.409 113.3021 105.968 79.86694 134.4933 132.1939 124.6537 53.63812 111.5055 0 103.4165 100.5171 88.78963 23.14588 63.05989 78.17789
173.4864 160.5006 168.2858 165.2404 179.4383 138.9288 131.968 122.5349 110.9262 95.72731 79.11334 191.2509 192.2221 185.5825 168.7024 58.90331 45.36157 32.87014 154.4672 10.98442 103.4165 0 7.696348 24.613 89.51707 55.47074 37.22633
178.089 165.959 173.2338 170.2694 181.9703 145.2025 138.4994 129.4414 118.1454 103.0762 86.60881 192.3075 193.0157 186.2552 168.3324 66.5702 53.02063 40.48109 152.4399 18.36946 100.5171 7.696348 0 17.45864 85.31752 49.32129 30.54741
182.472 172.7732 178.5791 175.8551 181.1218 154.5736 148.7367 141.0142 130.9724 116.5419 100.8725 187.9873 188.1065 181.1185 161.0628 82.07923 69.62843 57.32633 141.9068 35.58526 88.78963 24.613 17.45864 0 71.34809 32.62072 13.41641
167.1372 168.7399 167.6761 166.2505 144.8159 163.7569 162.4732 161.7209 158.7103 149.1527 139.446 138.2334 136.2921 128.9555 103.0079 129.3372 124.2046 115.0184 75.15527 98.85756 23.14588 89.51707 85.31752 71.34809 0 42.16952 59.34545
183.2541 178.4378 181.2866 179.0893 172.1538 165.6639 161.6774 156.7942 149.5271 136.7926 123.2127 172.5509 171.6172 164.3628 140.96 107.5389 97.78246 86.38302 116.5749 66.21182 63.05989 55.47074 49.32129 32.62072 42.16952 0 19.26262
183.0476 175.3304 179.9347 177.4176 177.6894 159.3142 154.227 147.6652 138.7526 124.9764 110.1248 181.9429 181.634 174.5162 153.0391 92.5905 81.26951 69.30978 131.7192 48.17282 78.17789 37.22633 30.54741 13.41641 59.34545 19.26262 0
