antarctic_sic_t_00001_date_01_10_1978 13774 10062 1 1 1
antarctic_sic_t_00002_date_01_11_1978 10532 7722 562 325 299 7 6 6 4 1
antarctic_sic_t_00001_date_01_10_1978 13774 10062 1 1 1
antarctic_sic_t_00002_date_01_11_1978 10532 7722 562 325 299 7 6 6 4 1
antarctic_sic_t_00001_date_01_10_1978 13774 10062 1 1 1
antarctic_sic_t_00002_date_01_11_1978 10532 7722 562 325 299 7 6 6 4 1
antarctic_sic_t_00001_date_01_10_1978 13774 10062 1 1 1
antarctic_sic_t_00002_date_01_11_1978 10532 7722 562 325 299 7 6 6 4 1
antarctic_sic_t_00001_date_01_10_1978 13774 10062 1 1 1
antarctic_sic_t_00002_date_01_11_1978 10532 7722 562 325 299 7 6 6 4 1
antarctic_sic_t_00001_date_01_10_1978 13774 10062 1 1 1
antarctic_sic_t_00002_date_01_11_1978 10532 7722 562 325 299 7 6 6 4 1
antarctic_sic_t_00003_date_01_12_1978 3674 3261 982 806 340 297 121 103 65 41 40 33 27 15 7 7 6 4 1 1 1 1
antarctic_sic_t_00004_date_01_01_1979 1653 1228 400 316 217 111 57 43 40 37 35 26 22 22 22 11 9 7 7 6 4 3 3 3 2 1 1 1 1 1
antarctic_sic_t_00005_date_01_02_1979 1398 1087 289 69 67 64 60 16 15 14 11 6 6 4 3 3 3 3 2 1 1 1 1 1 1 1
antarctic_sic_t_00006_date_01_03_1979 2021 1064 266 61 38 36 30 19 16 16 16 6 5 2 2 2 1 1 1 1
antarctic_sic_t_00007_date_01_04_1979 3530 3312 643 625 172 145 61 42 34 22 6 2 1
antarctic_sic_t_00008_date_01_05_1979 8693 5491 3
antarctic_sic_t_00009_date_01_06_1979 19372 1
antarctic_sic_t_00010_date_01_07_1979 23479
antarctic_sic_t_00011_date_01_08_1979 24258 12 1 1
antarctic_sic_t_00012_date_01_09_1979 25378 1 1 1
antarctic_sic_t_00013_date_01_10_1979 24702
antarctic_sic_t_00014_date_01_11_1979 10738 7183 1025 89 7 4
antarctic_sic_t_00015_date_01_12_1979 3113 2961 811 443 247 77 60 55 55 42 22 20 14 7 6 5 5 3 2 2 2
antarctic_sic_t_00016_date_01_01_1980 1967 1570 294 112 70 50 40 28 27 22 17 11 9 7 7 6 4 4 3 3 3 3 2 2 2 2 1 1 1 1 1 1
antarctic_sic_t_00017_date_01_02_1980 1252 704 184 179 154 33 32 31 8 3 2 2 2 2 1 1 1 1 1 1 1
antarctic_sic_t_00018_date_01_03_1980 1648 529 172 116 98 75 43 25 19 14 8 5 2 1 1 1
antarctic_sic_t_00019_date_01_04_1980 2691 2412 317 233 23 8 4 3 1 1 1 1
antarctic_sic_t_00020_date_01_05_1980 4771 4405 1048 264 163 71 28 10 5 1 1 1
antarctic_sic_t_00021_date_01_06_1980 16480 1
antarctic_sic_t_00022_date_01_07_1980 21593 2 1 1
antarctic_sic_t_00023_date_01_08_1980 25119 4
antarctic_sic_t_00024_date_01_09_1980 26755 2
antarctic_sic_t_00025_date_01_10_1980 25749 4 3 2 1 1 1
antarctic_sic_t_00026_date_01_11_1980 13344 6991 4 2 1
antarctic_sic_t_00027_date_01_12_1980 3766 2312 734 698 666 82 66 34 33 26 15 11 8 7 6 5 4 4 3 2 2 1
antarctic_sic_t_00028_date_01_01_1981 1299 899 521 433 151 143 140 90 73 70 17 15 9 9 6 5 3 3 2 2 1 1 1 1
antarctic_sic_t_00029_date_01_02_1981 892 495 368 217 54 51 45 40 39 37 31 27 10 6 5 4 3 3 3 3 2 1 1 1 1
antarctic_sic_t_00030_date_01_03_1981 1105 1046 311 161 73 30 27 25 21 16 16 5 4 3 2 2 2 1 1 1
antarctic_sic_t_00031_date_01_04_1981 2886 1975 691 503 49 37 36 34 30 29 20 14 7 6 4 3 1 1
antarctic_sic_t_00032_date_01_05_1981 6264 5398 69 16 1
antarctic_sic_t_00033_date_01_06_1981 16851 31 1
antarctic_sic_t_00034_date_01_07_1981 22415
antarctic_sic_t_00035_date_01_08_1981 24789
antarctic_sic_t_00036_date_01_09_1981 26163 2
antarctic_sic_t_00037_date_01_10_1981 25263 6
antarctic_sic_t_00038_date_01_11_1981 21214 5
antarctic_sic_t_00039_date_01_12_1981 5108 3128 501 216 78 55 49 47 44 36 31 31 24 22 13 10 7 6 3 2 2 2 1
antarctic_sic_t_00040_date_01_01_1982 1455 1365 341 341 290 110 56 48 41 34 26 25 18 14 8 4 4 3 3 2 2 2 2 1 1 1 1 1 1 1 1 1
antarctic_sic_t_00041_date_01_02_1982 1040 741 227 84 67 60 49 37 25 22 22 20 14 13 12 4 3 3 3 2 2 2 1
antarctic_sic_t_00042_date_01_03_1982 1756 1653 230 76 44 42 24 15 13 9 9 8 7 4 3 2 2 1 1
antarctic_sic_t_00043_date_01_04_1982 5226 2676 1280 277 35 11 4 2 1 1 1
antarctic_sic_t_00044_date_01_05_1982 14162 7 2 1 1
antarctic_sic_t_00045_date_01_06_1982 18272 1 1 1
antarctic_sic_t_00046_date_01_07_1982 22157
antarctic_sic_t_00047_date_01_08_1982 25539
antarctic_sic_t_00048_date_01_09_1982 26114
antarctic_sic_t_00049_date_01_10_1982 24420 1
antarctic_sic_t_00050_date_01_11_1982 10669 7415 594 7 5 3 2 2 2
antarctic_sic_t_00051_date_01_12_1982 4158 3234 668 392 178 151 81 47 47 26 25 11 9 6 5 5 3 2 2 1 1 1
antarctic_sic_t_00052_date_01_01_1983 1942 1649 338 130 102 70 62 46 28 23 19 13 10 6 6 5 3 3 2 1 1 1 1
antarctic_sic_t_00053_date_01_02_1983 1438 380 167 145 56 44 28 23 22 16 13 11 10 9 7 6 6 5 5 3 3 2 2 2 1 1 1 1 1 1
antarctic_sic_t_00054_date_01_03_1983 1630 734 727 159 34 29 23 14 12 11 8 6 5 2 1 1 1 1 1 1 1
antarctic_sic_t_00055_date_01_04_1983 3119 3113 390 286 57 55 48 35 21 10 6 6 5 4 3 2 1 1 1
antarctic_sic_t_00056_date_01_05_1983 6946 4719 183 32 15 3 3 1 1 1 1
antarctic_sic_t_00057_date_01_06_1983 16830 3 1 1
antarctic_sic_t_00058_date_01_07_1983 21666 1 1
antarctic_sic_t_00059_date_01_08_1983 24653 4 1
antarctic_sic_t_00060_date_01_09_1983 26440 4 3
antarctic_sic_t_00061_date_01_10_1983 24985 6 2
antarctic_sic_t_00062_date_01_11_1983 12243 7161 591 6 3 3 2 1 1 1 1 1 1
antarctic_sic_t_00063_date_01_12_1983 3563 3244 1262 551 170 133 81 31 30 23 23 17 13 9 6 6 5 5 3 2 2 2 2 1 1
antarctic_sic_t_00064_date_01_01_1984 1563 625 488 277 274 94 23 22 20 16 16 12 12 9 7 6 6 6 4 3 3 2 1 1 1 1 1
antarctic_sic_t_00065_date_01_02_1984 1313 482 182 173 82 70 40 13 11 11 10 9 9 7 6 5 5 4 4 3 3 2 2 1
antarctic_sic_t_00066_date_01_03_1984 1509 748 394 177 78 56 49 28 16 7 6 3 3 2 2 1 1 1 1 1 1 1
antarctic_sic_t_00067_date_01_04_1984 2876 2461 533 474 395 115 50 40 8 2 2 1 1 1 1 1 1
antarctic_sic_t_00068_date_01_05_1984 6260 6083 4
antarctic_sic_t_00069_date_01_06_1984 18195
antarctic_sic_t_00070_date_01_07_1984 23405 1 1
antarctic_sic_t_00071_date_01_08_1984 25181
antarctic_sic_t_00072_date_01_09_1984 25075 21 4
antarctic_sic_t_00073_date_01_10_1984 24557 1 1
antarctic_sic_t_00074_date_01_11_1984 10703 7368 2176 77 10 4 4
antarctic_sic_t_00075_date_01_12_1984 4388 3763 480 447 252 112 72 43 22 19 19 18 10 8 6 5 5 3 1 1 1 1 1 1
antarctic_sic_t_00076_date_01_01_1985 1650 1342 266 266 79 56 42 22 12 9 6 6 5 5 4 4 3 3 2 2 2 2 2 2 2 2 1 1 1 1 1 1 1 1
antarctic_sic_t_00077_date_01_02_1985 1054 686 294 137 108 41 36 28 25 14 10 8 7 6 5 4 4 2 1 1 1 1 1
antarctic_sic_t_00078_date_01_03_1985 2046 1238 138 68 28 19 19 14 12 11 6 6 2 2 2 1 1 1 1 1 1 1 1 1
antarctic_sic_t_00079_date_01_04_1985 3746 2422 643 344 50 40 24 19 4 3 1 1 1 1 1 1
antarctic_sic_t_00080_date_01_05_1985 8386 4675 37 4 1 1
antarctic_sic_t_00081_date_01_06_1985 18202 2 1
antarctic_sic_t_00082_date_01_07_1985 22153
antarctic_sic_t_00083_date_01_08_1985 25191 1 1
antarctic_sic_t_00084_date_01_09_1985 26275 5 1
antarctic_sic_t_00085_date_01_10_1985 16059 9258 5 1 1
antarctic_sic_t_00086_date_01_11_1985 13480 7853 12 6
antarctic_sic_t_00087_date_01_12_1985 4516 4372 650 452 434 149 63 48 28 14 9 6 5 3 3 2 1 1 1 1
antarctic_sic_t_00088_date_01_01_1986 2005 1450 365 129 113 72 50 29 26 26 26 22 12 6 5 4 4 4 2 1 1 1 1 1 1
antarctic_sic_t_00089_date_01_02_1986 1176 948 145 122 95 91 39 33 22 19 11 11 7 6 6 4 3 3 3 2 2 1 1 1 1
antarctic_sic_t_00090_date_01_03_1986 1707 1195 58 46 19 17 14 13 12 12 11 6 6 4 3 3 2 2 2 2 1 1 1 1
antarctic_sic_t_00091_date_01_04_1986 4444 2065 365 184 175 40 28 19 19 15 4 3 1 1 1 1
antarctic_sic_t_00092_date_01_05_1986 6019 4593 722 397 80 16 12 7 6 5 1 1 1 1
antarctic_sic_t_00093_date_01_06_1986 16850 1 1
antarctic_sic_t_00094_date_01_07_1986 21360 1 1
antarctic_sic_t_00095_date_01_08_1986 23418
antarctic_sic_t_00096_date_01_09_1986 24396 10 3 1
antarctic_sic_t_00097_date_01_10_1986 14352 8750 8
antarctic_sic_t_00098_date_01_11_1986 8923 7587 1075 439 102 3 1
antarctic_sic_t_00099_date_01_12_1986 4140 3824 428 345 288 206 97 60 46 44 41 32 5 5 4 4 1 1
antarctic_sic_t_00100_date_01_01_1987 1871 1615 164 157 155 123 48 39 23 23 20 19 19 15 9 7 7 5 4 4 2 2 2 2 1 1 1 1 1
antarctic_sic_t_00101_date_01_02_1987 1256 513 497 53 46 42 35 33 19 18 15 14 4 3 3 2 2 1 1 1 1 1 1 1
antarctic_sic_t_00102_date_01_03_1987 2290 1483 72 28 21 20 18 15 14 11 4 3 2 1 1 1 1 1
antarctic_sic_t_00103_date_01_04_1987 4750 2197 527 203 68 60 53 28 20 19 17 8 3 2 2 1 1 1 1 1 1
antarctic_sic_t_00104_date_01_05_1987 6466 4411 1519 70 37 9 8 5 4 4 3 2 1 1 1
antarctic_sic_t_00105_date_01_06_1987 10287 6779 7
antarctic_sic_t_00106_date_01_07_1987 22173
antarctic_sic_t_00107_date_01_08_1987 24889
antarctic_sic_t_00108_date_01_09_1987 25038 7 1
antarctic_sic_t_00109_date_01_10_1987 23943 7 2
antarctic_sic_t_00110_date_01_11_1987 11274 7534 418 6 3 1
antarctic_sic_t_00111_date_01_12_1987 7798 6373 352 202 163 45 13 11 8 6 6 3 3 1 1 1 1 1 1 1
antarctic_sic_t_00112_date_01_01_1988 1169 869 635 348 247 152 109 82 29 22 21 15 13 11 10 5 3 3 2 1 1 1 1 1
antarctic_sic_t_00113_date_01_02_1988 1041 465 422 257 137 55 45 43 40 37 26 24 22 19 13 12 10 8 7 5 3 1 1 1 1 1 1 1
antarctic_sic_t_00114_date_01_03_1988 1249 630 481 253 196 93 78 76 61 42 34 28 19 16 16 10 9 8 7 6 3 3 2 2 2 1 1 1
antarctic_sic_t_00115_date_01_04_1988 3998 2183 290 244 67 50 40 34 12 12 11 2 1 1 1
antarctic_sic_t_00116_date_01_05_1988 6671 5350 14 6 6 3 1 1 1 1
antarctic_sic_t_00117_date_01_06_1988 17627 6 1
antarctic_sic_t_00118_date_01_07_1988 22036 6 2 1 1
antarctic_sic_t_00119_date_01_08_1988 24820 11
antarctic_sic_t_00120_date_01_09_1988 25267 4 2
antarctic_sic_t_00121_date_01_10_1988 25481 11 6 3 2 1 1
antarctic_sic_t_00122_date_01_11_1988 13580 7472 30 8 6 5 2 1 1
antarctic_sic_t_00123_date_01_12_1988 3662 3199 1456 700 242 201 156 141 83 83 80 79 69 19 11 10 5 4 2 2 2 1 1
antarctic_sic_t_00124_date_01_01_1989 1542 1462 401 161 104 87 57 54 49 46 36 23 19 16 15 13 11 11 8 6 4 4 2 2 2 2 1
antarctic_sic_t_00125_date_01_02_1989 1230 1043 127 94 74 53 41 41 33 25 13 8 7 7 6 5 5 4 2 2 2 1
antarctic_sic_t_00126_date_01_03_1989 1732 1318 295 63 53 49 39 37 18 17 9 8 7 5 5 4 3 2 1 1 1 1 1
antarctic_sic_t_00127_date_01_04_1989 3406 2385 789 294 177 109 70 9 6 6 2 1 1 1 1
antarctic_sic_t_00128_date_01_05_1989 9185 4398 1 1
antarctic_sic_t_00129_date_01_06_1989 18769 1
antarctic_sic_t_00130_date_01_07_1989 22187
antarctic_sic_t_00131_date_01_08_1989 24306 146 1
antarctic_sic_t_00132_date_01_09_1989 25933 3 2 2
antarctic_sic_t_00133_date_01_10_1989 24666 23 2 1 1
antarctic_sic_t_00134_date_01_11_1989 11782 7252 365 39 31 19 9 4 1
antarctic_sic_t_00135_date_01_12_1989 3463 2784 1444 718 337 133 75 69 68 40 38 35 24 24 17 11 7 6 4 3 2 2 2 1
antarctic_sic_t_00136_date_01_01_1990 1717 1289 661 343 86 57 51 44 36 33 27 21 20 16 16 14 10 5 4 3 3 2 2 2 1 1 1 1 1 1
antarctic_sic_t_00137_date_01_02_1990 1476 960 404 226 85 26 23 20 17 14 14 6 2 2
antarctic_sic_t_00138_date_01_03_1990 1732 1406 260 248 73 26 14 14 12 8 7 5 4 4 3 2 1 1 1
antarctic_sic_t_00139_date_01_04_1990 4454 3206 486 72 65 64 35 35 8 5 2 1 1 1 1 1
antarctic_sic_t_00140_date_01_05_1990 6731 5708 1 1 1 1
antarctic_sic_t_00141_date_01_06_1990 17822 1 1
antarctic_sic_t_00142_date_01_07_1990 21781 17 2 1 1
antarctic_sic_t_00143_date_01_08_1990 25234 1
antarctic_sic_t_00144_date_01_09_1990 25957
antarctic_sic_t_00145_date_01_10_1990 24546 2 1 1 1
antarctic_sic_t_00146_date_01_11_1990 10270 8149 639 1 1
antarctic_sic_t_00147_date_01_12_1990 4179 3794 661 305 299 231 49 43 24 20 19 16 8 6 3 3 2 1 1
antarctic_sic_t_00148_date_01_01_1991 2563 585 446 322 192 94 79 77 75 40 21 20 18 14 13 10 9 9 8 8 7 6 4 4 3 2 1
antarctic_sic_t_00149_date_01_02_1991 2085 284 136 78 53 31 26 21 20 16 11 7 5 4 4 3 2 2 2 2 1 1 1 1 1 1
antarctic_sic_t_00150_date_01_03_1991 2406 340 252 50 41 30 29 13 10 7 6 6 5 4 3 2 2 2 2 1 1 1
antarctic_sic_t_00151_date_01_04_1991 3684 3267 651 266 91 39 35 31 29 27 17 16 11 9 5 3 2 2 2 1 1
antarctic_sic_t_00152_date_01_05_1991 6724 6326 2 2 1
antarctic_sic_t_00153_date_01_06_1991 17363 2 1 1
antarctic_sic_t_00154_date_01_07_1991 21073 3 1
antarctic_sic_t_00155_date_01_08_1991 24896 3
antarctic_sic_t_00156_date_01_09_1991 26094 4 3 1 1 1
antarctic_sic_t_00157_date_01_10_1991 24488 2 1 1
antarctic_sic_t_00158_date_01_11_1991 12775 7152 15 1 1
antarctic_sic_t_00159_date_01_12_1991 5096 2491 699 510 42 41 31 29 20 18 16 16 15 10 4 3 2 2 2 1 1 1
antarctic_sic_t_00160_date_01_01_1992 2220 506 502 310 186 160 148 97 41 34 25 18 18 17 17 8 5 4 4 4 4 4 3 3 2 2 2 1 1 1 1 1
antarctic_sic_t_00161_date_01_02_1992 1480 305 285 90 66 54 50 46 40 33 17 10 10 9 8 8 6 6 3 1 1 1 1 1
antarctic_sic_t_00162_date_01_03_1992 2166 428 290 53 39 36 33 29 20 18 15 13 8 6 4 4 3 2 2 1
antarctic_sic_t_00163_date_01_04_1992 3743 1959 643 610 463 75 66 65 49 41 25 10 7 4 1 1 1 1
antarctic_sic_t_00164_date_01_05_1992 13062 2
antarctic_sic_t_00165_date_01_06_1992 16993 6 1
antarctic_sic_t_00166_date_01_07_1992 21756
antarctic_sic_t_00167_date_01_08_1992 24902
antarctic_sic_t_00168_date_01_09_1992 25427 3 2
antarctic_sic_t_00169_date_01_10_1992 24931 12 3 2 2
antarctic_sic_t_00170_date_01_11_1992 12304 7166 1 1
antarctic_sic_t_00171_date_01_12_1992 3075 2439 420 384 268 248 236 55 52 51 43 38 34 33 32 16 13 7 6 5 4 4 4 3 2 2 2 2 2 1 1 1 1
antarctic_sic_t_00172_date_01_01_1993 1123 430 229 212 159 148 132 120 76 49 44 40 28 27 22 21 19 18 13 12 10 8 6 6 6 3 2 2 2 1 1 1 1 1
antarctic_sic_t_00173_date_01_02_1993 824 177 125 89 74 56 51 39 33 17 14 9 8 8 7 7 7 7 7 7 6 4 3 3 2 2 1 1 1
antarctic_sic_t_00174_date_01_03_1993 1377 234 159 124 105 48 48 28 28 17 15 11 6 5 5 5 5 4 4 4 3 3 2 2 2 2 2 1 1 1 1
antarctic_sic_t_00175_date_01_04_1993 3926 3112 483 79 48 48 38 31 30 6 5 4 4 3 2 1 1
antarctic_sic_t_00176_date_01_05_1993 13487 3 1
antarctic_sic_t_00177_date_01_06_1993 18078 1
antarctic_sic_t_00178_date_01_07_1993 22012 3
antarctic_sic_t_00179_date_01_08_1993 25009 15
antarctic_sic_t_00180_date_01_09_1993 26751
antarctic_sic_t_00181_date_01_10_1993 25435
antarctic_sic_t_00182_date_01_11_1993 13260 7104 9 3 2 1
antarctic_sic_t_00183_date_01_12_1993 4074 3598 786 357 202 35 33 28 21 14 13 7 5 3 1 1
antarctic_sic_t_00184_date_01_01_1994 2281 589 568 471 275 203 48 40 30 19 19 15 12 7 6 5 5 3 3 2 2 2 1 1 1 1 1 1
antarctic_sic_t_00185_date_01_02_1994 1737 430 319 290 253 64 51 43 32 25 17 12 9 8 6 3 3 2 2 1 1 1
antarctic_sic_t_00186_date_01_03_1994 2223 632 559 369 230 173 55 47 40 35 28 22 15 6 4 4 3 2
antarctic_sic_t_00187_date_01_04_1994 4070 3909 331 316 91 73 28 22 19 8 5 2 2 2
antarctic_sic_t_00188_date_01_05_1994 13917 7 2
antarctic_sic_t_00189_date_01_06_1994 18238
antarctic_sic_t_00190_date_01_07_1994 22946 3
antarctic_sic_t_00191_date_01_08_1994 25636 21 2
antarctic_sic_t_00192_date_01_09_1994 26590 4 2
antarctic_sic_t_00193_date_01_10_1994 25279
antarctic_sic_t_00194_date_01_11_1994 19679 8 3 1 1
antarctic_sic_t_00195_date_01_12_1994 4534 4223 702 353 208 142 82 30 24 8 8 3 3 1 1 1 1 1 1 1 1 1
antarctic_sic_t_00196_date_01_01_1995 2279 815 643 264 219 177 160 97 73 57 57 36 24 22 22 13 13 12 8 7 6 6 4 3 3 3 3 1 1 1
antarctic_sic_t_00197_date_01_02_1995 1343 556 380 95 94 78 71 65 58 57 40 34 28 16 15 12 11 11 7 7 5 5 5 3 2 2 1 1
antarctic_sic_t_00198_date_01_03_1995 2015 1043 345 142 81 73 67 51 44 42 40 29 29 16 11 8 6 6 5 3 3 2 2 2 1 1 1 1 1
antarctic_sic_t_00199_date_01_04_1995 3950 3378 449 413 350 65 32 18 10 3 2 1 1 1
antarctic_sic_t_00200_date_01_05_1995 13859 3 1
antarctic_sic_t_00201_date_01_06_1995 18081 1
antarctic_sic_t_00202_date_01_07_1995 21898 2 1
antarctic_sic_t_00203_date_01_08_1995 25371
antarctic_sic_t_00204_date_01_09_1995 25978
antarctic_sic_t_00205_date_01_10_1995 24172 10 1 1
antarctic_sic_t_00206_date_01_11_1995 10507 7682 1146 43 6 3 1
antarctic_sic_t_00207_date_01_12_1995 3994 3723 1103 933 658 80 36 24 7 5 3 3 1
antarctic_sic_t_00208_date_01_01_1996 1515 751 703 145 124 105 73 71 70 69 58 52 48 48 34 29 26 21 14 13 9 7 4 3 3 2 2 2 2 1 1 1 1 1 1 1
antarctic_sic_t_00209_date_01_02_1996 1011 443 273 125 95 90 43 38 38 33 27 20 18 14 14 10 9 8 6 3 3 2 2 2 1 1 1 1 1
antarctic_sic_t_00210_date_01_03_1996 1365 826 454 308 124 60 41 35 30 22 19 19 13 8 7 5 3 2 1 1 1 1
antarctic_sic_t_00211_date_01_04_1996 4758 2450 791 207 61 57 41 36 30 24 9 8 3 2 2 1
antarctic_sic_t_00212_date_01_05_1996 14765 3 2 1
antarctic_sic_t_00213_date_01_06_1996 19267 28 1
antarctic_sic_t_00214_date_01_07_1996 22862
antarctic_sic_t_00215_date_01_08_1996 25056
antarctic_sic_t_00216_date_01_09_1996 26099 2 1 1
antarctic_sic_t_00217_date_01_10_1996 25159 3 1 1
antarctic_sic_t_00218_date_01_11_1996 9825 8979 15 8 3 2 1 1
antarctic_sic_t_00219_date_01_12_1996 3183 2669 803 498 363 246 206 41 35 16 10 10 9 8 6 4 3 3 2 2 1 1 1
antarctic_sic_t_00220_date_01_01_1997 1737 425 350 211 195 186 98 45 34 33 28 23 21 19 18 16 15 12 9 8 8 5 4 4 4 3 3 2 2 2 2 1 1 1 1
antarctic_sic_t_00221_date_01_02_1997 1561 228 104 78 62 61 49 48 46 44 36 12 12 8 6 5 4 3 2 2 2 1 1
antarctic_sic_t_00222_date_01_03_1997 1987 294 211 110 86 52 47 38 31 23 13 8 7 7 5 4 3 3 1 1 1 1
antarctic_sic_t_00223_date_01_04_1997 3694 2905 588 288 76 31 13 9 2 2 2 1 1
antarctic_sic_t_00224_date_01_05_1997 8474 4923 4
antarctic_sic_t_00225_date_01_06_1997 17498 43 1
antarctic_sic_t_00226_date_01_07_1997 22471 1
antarctic_sic_t_00227_date_01_08_1997 25194 2 1 1
antarctic_sic_t_00228_date_01_09_1997 25365 77 1 1
antarctic_sic_t_00229_date_01_10_1997 24845 2
antarctic_sic_t_00230_date_01_11_1997 12843 6632 432 6 6 5 5 5 5 3 3 2 2 1 1
antarctic_sic_t_00231_date_01_12_1997 3710 3192 836 483 328 124 114 71 70 53 37 35 32 27 24 20 12 7 6 6 5 4 4 3 3 2 1 1 1 1 1 1 1
antarctic_sic_t_00232_date_01_01_1998 1697 1361 459 273 73 70 50 48 41 20 20 20 18 17 14 6 6 6 4 3 3 1 1 1
antarctic_sic_t_00233_date_01_02_1998 892 790 328 214 74 66 39 29 29 18 12 8 8 7 5 5 5 3 3 3 2 2 1 1 1 1 1 1 1
antarctic_sic_t_00234_date_01_03_1998 2011 650 301 237 173 36 25 20 16 4 3 2 2 1 1 1
antarctic_sic_t_00235_date_01_04_1998 4386 2507 861 203 86 43 25 6 3 2 2 1 1
antarctic_sic_t_00236_date_01_05_1998 8648 4795 2 1 1
antarctic_sic_t_00237_date_01_06_1998 11249 6523 25 7 1 1 1
antarctic_sic_t_00238_date_01_07_1998 22685
antarctic_sic_t_00239_date_01_08_1998 25337 20 1 1
antarctic_sic_t_00240_date_01_09_1998 26713 1 1 1 1
antarctic_sic_t_00241_date_01_10_1998 25675 20 5 1 1
antarctic_sic_t_00242_date_01_11_1998 10744 8474 902 4 2 2 1 1 1
antarctic_sic_t_00243_date_01_12_1998 5285 2057 623 590 257 228 87 86 33 26 15 9 5 5 3 2 2 2 1 1 1 1 1 1 1
antarctic_sic_t_00244_date_01_01_1999 1383 502 485 462 208 206 194 176 71 70 50 39 33 27 11 7 6 5 4 3 3 3 2 2 1 1 1 1 1 1 1 1
antarctic_sic_t_00245_date_01_02_1999 1003 327 268 195 105 89 73 58 40 36 33 14 8 6 5 4 4 3 3 3 2 1 1 1 1
antarctic_sic_t_00246_date_01_03_1999 1154 1027 322 130 101 74 73 44 43 19 16 14 10 9 6 5 4 3 3 3 3 2 2 1 1 1 1
antarctic_sic_t_00247_date_01_04_1999 4871 1949 1169 302 73 15 11 10 5 2 2 2 1
antarctic_sic_t_00248_date_01_05_1999 13654
antarctic_sic_t_00249_date_01_06_1999 18867
antarctic_sic_t_00250_date_01_07_1999 23204 1
antarctic_sic_t_00251_date_01_08_1999 25783 1
antarctic_sic_t_00252_date_01_09_1999 26386 9 3 1 1 1
antarctic_sic_t_00253_date_01_10_1999 25372 1
antarctic_sic_t_00254_date_01_11_1999 12104 7596 34 27 26 12 6 5 3 2 1
antarctic_sic_t_00255_date_01_12_1999 5000 2021 1155 336 202 190 158 85 26 22 22 15 13 12 12 9 8 5 4 3 2 1 1 1 1 1 1
antarctic_sic_t_00256_date_01_01_2000 1254 804 291 273 260 169 88 85 63 55 53 49 40 33 30 20 20 18 15 6 6 5 5 5 4 3 3 3 2 2 2 1 1 1 1 1 1 1 1 1 1 1
antarctic_sic_t_00257_date_01_02_2000 1187 213 127 123 91 47 46 38 31 30 27 22 15 13 11 10 9 8 5 5 4 4 3 2 2 2 2 1 1 1 1 1 1
antarctic_sic_t_00258_date_01_03_2000 1748 955 257 159 90 48 48 41 35 33 27 25 18 13 11 11 9 6 5 4 3 2 2 2 2 1 1 1 1 1 1
antarctic_sic_t_00259_date_01_04_2000 3500 3331 707 421 372 36 11 8 5 3 1
antarctic_sic_t_00260_date_01_05_2000 14331 5 1
antarctic_sic_t_00261_date_01_06_2000 19395 14
antarctic_sic_t_00262_date_01_07_2000 22262 1 1 1
antarctic_sic_t_00263_date_01_08_2000 25891 2 1
antarctic_sic_t_00264_date_01_09_2000 26944 9 1 1
antarctic_sic_t_00265_date_01_10_2000 25394 2 1 1
antarctic_sic_t_00266_date_01_11_2000 12081 7489 518 34 1
antarctic_sic_t_00267_date_01_12_2000 3285 3218 1570 867 671 55 35 27 15 7 5 5 4 4 2 1 1
antarctic_sic_t_00268_date_01_01_2001 1961 1952 453 296 218 169 58 43 28 28 23 10 10 9 8 7 6 5 4 3 2 2 1 1 1
antarctic_sic_t_00269_date_01_02_2001 1478 1270 280 128 64 61 45 21 20 16 16 13 9 7 5 5 4 4 3 3 3 3 2 2 1 1 1 1 1
antarctic_sic_t_00270_date_01_03_2001 2322 1914 317 169 101 60 43 42 38 30 26 13 12 7 5 4 4 3 2 1 1 1 1
antarctic_sic_t_00271_date_01_04_2001 4265 3489 650 57 48 40 39 37 11 5 4 2 2 2 1 1 1 1 1
antarctic_sic_t_00272_date_01_05_2001 7952 5584 13 4 2 1 1
antarctic_sic_t_00273_date_01_06_2001 18540 1
antarctic_sic_t_00274_date_01_07_2001 22372 2
antarctic_sic_t_00275_date_01_08_2001 23942 22 1 1
antarctic_sic_t_00276_date_01_09_2001 25649 1
antarctic_sic_t_00277_date_01_10_2001 22919 5 1
antarctic_sic_t_00278_date_01_11_2001 10825 7916 26 1
antarctic_sic_t_00279_date_01_12_2001 4151 2582 506 476 118 64 53 52 43 37 23 19 15 10 9 7 7 5 4 4 3 2 2 2 1 1 1 1 1
antarctic_sic_t_00280_date_01_01_2002 1723 476 200 188 172 136 129 114 104 87 66 64 53 47 33 32 20 19 12 10 9 5 5 4 3 3 3 2 2 2 1 1 1 1 1
antarctic_sic_t_00281_date_01_02_2002 1548 129 118 113 88 78 43 36 28 25 23 22 21 17 13 8 5 5 5 4 3 3 3 2 2 1 1 1
antarctic_sic_t_00282_date_01_03_2002 1762 701 94 83 75 58 37 28 21 19 18 6 3 3 3 3 2 2 2 2 2 1 1 1 1 1
antarctic_sic_t_00283_date_01_04_2002 2994 2660 609 405 79 69 39 31 16 15 11 8 7 5 3 2 2 1 1 1
antarctic_sic_t_00284_date_01_05_2002 12100 22 1 1
antarctic_sic_t_00285_date_01_06_2002 16587 2 1 1
antarctic_sic_t_00286_date_01_07_2002 21632 1 1
antarctic_sic_t_00287_date_01_08_2002 24133
antarctic_sic_t_00288_date_01_09_2002 25354 2 1
antarctic_sic_t_00289_date_01_10_2002 24634 3 1 1
antarctic_sic_t_00290_date_01_11_2002 12420 5655 1105 465 14 5 5 1 1
antarctic_sic_t_00291_date_01_12_2002 5534 2823 782 574 542 269 105 97 52 43 40 39 14 9 8 5 5 3 3 3 2 2 1 1 1
antarctic_sic_t_00292_date_01_01_2003 2981 1054 468 319 234 161 132 56 26 24 22 18 14 14 12 11 9 6 6 6 5 3 3 2 2 1 1 1 1 1
antarctic_sic_t_00293_date_01_02_2003 2282 732 325 174 70 67 65 60 47 45 25 23 11 9 8 8 7 6 5 4 3 2 2 2 2 2 2 1
antarctic_sic_t_00294_date_01_03_2003 2402 2170 147 39 32 31 13 9 4 2 2 2
antarctic_sic_t_00295_date_01_04_2003 4099 3721 269 248 64 59 57 39 35 32 31 30 9 7 2 2 1 1 1
antarctic_sic_t_00296_date_01_05_2003 14281 1 1 1
antarctic_sic_t_00297_date_01_06_2003 19399 1 1 1
antarctic_sic_t_00298_date_01_07_2003 23130 1
antarctic_sic_t_00299_date_01_08_2003 24501 9 1
antarctic_sic_t_00300_date_01_09_2003 25549 1 1
antarctic_sic_t_00301_date_01_10_2003 25295
antarctic_sic_t_00302_date_01_11_2003 10500 7932 798 339 5 3 1 1 1
antarctic_sic_t_00303_date_01_12_2003 3718 2760 1078 1007 482 88 63 58 36 34 27 27 25 14 10 9 8 8 7 7 6 5 5 4 2 1
antarctic_sic_t_00304_date_01_01_2004 2456 1080 591 454 152 107 72 71 67 52 32 29 28 26 21 19 9 8 7 5 4 3 2 1 1 1
antarctic_sic_t_00305_date_01_02_2004 1859 471 263 238 79 57 41 35 33 32 20 12 12 12 9 7 6 5 4 3 2 2 1 1 1 1
antarctic_sic_t_00306_date_01_03_2004 2303 2078 226 33 28 27 26 22 19 3 2 1 1 1 1 1
antarctic_sic_t_00307_date_01_04_2004 4076 3865 674 58 54 38 35 4 3 2 2 1 1 1 1 1 1 1
antarctic_sic_t_00308_date_01_05_2004 13818 3 1
antarctic_sic_t_00309_date_01_06_2004 19160 1
antarctic_sic_t_00310_date_01_07_2004 23422 2
antarctic_sic_t_00311_date_01_08_2004 25615
antarctic_sic_t_00312_date_01_09_2004 26704 1
antarctic_sic_t_00313_date_01_10_2004 25752
antarctic_sic_t_00314_date_01_11_2004 12405 7389 444 41 4 3 1 1
antarctic_sic_t_00315_date_01_12_2004 3510 2928 1604 715 632 40 34 23 20 10 8 5 4 2 1 1 1
antarctic_sic_t_00316_date_01_01_2005 1735 949 539 319 134 95 86 56 52 34 26 20 10 9 6 4 3 2 2 2 1 1 1
antarctic_sic_t_00317_date_01_02_2005 1528 367 224 84 80 76 75 52 43 34 33 31 31 30 25 21 19 16 7 6 4 3 3 3 1 1 1
antarctic_sic_t_00318_date_01_03_2005 1657 1557 299 45 38 27 22 20 20 19 17 14 13 7 6 4 3 2 2 2 1 1 1 1
antarctic_sic_t_00319_date_01_04_2005 5225 2229 427 210 107 53 35 16 15 10 5 3 3 2 1 1 1 1 1 1
antarctic_sic_t_00320_date_01_05_2005 13508
antarctic_sic_t_00321_date_01_06_2005 17802 1
antarctic_sic_t_00322_date_01_07_2005 22343
antarctic_sic_t_00323_date_01_08_2005 25417
antarctic_sic_t_00324_date_01_09_2005 26721 1
antarctic_sic_t_00325_date_01_10_2005 25110 1 1
antarctic_sic_t_00326_date_01_11_2005 12436 6799 925 4 2 1 1
antarctic_sic_t_00327_date_01_12_2005 2998 1819 1683 647 482 315 113 36 33 23 21 15 15 3 3 2 1 1 1
antarctic_sic_t_00328_date_01_01_2006 1608 640 471 395 348 61 41 34 30 22 19 19 12 10 8 8 7 6 5 4 2 2 1 1 1 1 1 1
antarctic_sic_t_00329_date_01_02_2006 1411 310 246 88 76 70 62 49 44 33 32 31 30 17 12 10 5 5 3 3 1 1 1 1 1 1 1 1
antarctic_sic_t_00330_date_01_03_2006 1255 901 186 52 44 28 23 22 20 14 12 8 6 3 3 3 2 2 1 1 1 1 1 1
antarctic_sic_t_00331_date_01_04_2006 3941 1839 335 165 61 56 52 41 39 36 31 9 8 4 4 3 2 2 2 1 1
antarctic_sic_t_00332_date_01_05_2006 11939 4 2 2 1 1
antarctic_sic_t_00333_date_01_06_2006 18268 20 4
antarctic_sic_t_00334_date_01_07_2006 22803
antarctic_sic_t_00335_date_01_08_2006 25834
antarctic_sic_t_00336_date_01_09_2006 27043 15 3
antarctic_sic_t_00337_date_01_10_2006 26156
antarctic_sic_t_00338_date_01_11_2006 12416 6865 197 86 31 27 19 15 12 6 2 1 1
antarctic_sic_t_00339_date_01_12_2006 4130 3601 578 196 84 78 38 28 21 16 13 13 8 8 3 3 1 1 1 1
antarctic_sic_t_00340_date_01_01_2007 1618 557 472 224 164 151 140 127 88 34 33 25 19 15 13 10 8 7 4 4 3 2 2 2 1 1 1 1 1
antarctic_sic_t_00341_date_01_02_2007 1459 359 282 239 70 70 43 39 34 18 13 12 9 7 6 4 4 3 3 2 2 2 1 1
antarctic_sic_t_00342_date_01_03_2007 1817 809 274 228 122 76 27 19 15 13 11 9 8 5 4 3 2 2 2 2 2 1 1 1 1 1 1
antarctic_sic_t_00343_date_01_04_2007 3051 2760 713 659 44 26 25 13 12 6 4 3 3 2 1
antarctic_sic_t_00344_date_01_05_2007 6290 6142 1 1
antarctic_sic_t_00345_date_01_06_2007 18122 4 1 1 1
antarctic_sic_t_00346_date_01_07_2007 22116 18 1 1
antarctic_sic_t_00347_date_01_08_2007 24938 2 1 1
antarctic_sic_t_00348_date_01_09_2007 27029 5 1
antarctic_sic_t_00349_date_01_10_2007 25759 1 1 1
antarctic_sic_t_00350_date_01_11_2007 12575 8243 7 1 1
antarctic_sic_t_00351_date_01_12_2007 6220 5193 1113 286 106 43 31 20 12 8 4 3 2 1 1 1 1
antarctic_sic_t_00352_date_01_01_2008 2302 940 576 341 222 186 180 96 32 29 24 23 15 14 12 9 9 4 3 2 2 2 1 1 1 1
antarctic_sic_t_00353_date_01_02_2008 1918 433 245 173 60 60 59 53 49 40 31 30 14 11 9 8 7 6 6 4 2 2 1 1
antarctic_sic_t_00354_date_01_03_2008 2646 2104 274 166 44 44 43 42 17 17 14 8 6 4 2 1
antarctic_sic_t_00355_date_01_04_2008 4633 4256 1045 288 90 42 12 6 4 1 1 1
antarctic_sic_t_00356_date_01_05_2008 14966 1
antarctic_sic_t_00357_date_01_06_2008 19690 1 1
antarctic_sic_t_00358_date_01_07_2008 22678 19 1
antarctic_sic_t_00359_date_01_08_2008 25193 1 1
antarctic_sic_t_00360_date_01_09_2008 25556
antarctic_sic_t_00361_date_01_10_2008 25070 59 2 2
antarctic_sic_t_00362_date_01_11_2008 10800 7628 2336 18 11 1 1
antarctic_sic_t_00363_date_01_12_2008 4757 3894 514 462 60 54 53 52 45 30 29 25 24 19 17 9 8 8 5 2 2 1 1 1
antarctic_sic_t_00364_date_01_01_2009 1924 620 287 259 244 156 146 136 130 46 42 42 31 26 17 15 9 4 4 3 2 2 2 2 2 2 2 2 2 1 1 1
antarctic_sic_t_00365_date_01_02_2009 1671 458 147 116 115 50 32 17 16 14 9 8 7 7 7 4 4 4 3 2 2 1 1 1
antarctic_sic_t_00366_date_01_03_2009 2338 808 534 141 69 44 23 7 6 5 5 4 3 2 2 2 2 2 1 1 1 1 1
antarctic_sic_t_00367_date_01_04_2009 4711 3954 638 64 59 54 48 27 18 8 6 3 2 1 1 1 1 1
antarctic_sic_t_00368_date_01_05_2009 8353 6069 3
antarctic_sic_t_00369_date_01_06_2009 19238 3 1
antarctic_sic_t_00370_date_01_07_2009 22977 19 3
antarctic_sic_t_00371_date_01_08_2009 25404 1 1
antarctic_sic_t_00372_date_01_09_2009 26858 3 1 1
antarctic_sic_t_00373_date_01_10_2009 25741 1 1
antarctic_sic_t_00374_date_01_11_2009 12852 7471 8 6 3 3 1 1
antarctic_sic_t_00375_date_01_12_2009 4396 1800 1393 699 581 150 96 76 74 46 40 8 7 5 5 5 5 3 3 2 1 1 1 1 1 1 1
antarctic_sic_t_00376_date_01_01_2010 2388 874 468 405 255 64 37 27 18 16 14 13 6 3 2 2 2 1 1 1
antarctic_sic_t_00377_date_01_02_2010 1857 261 182 111 86 68 66 50 45 41 19 11 7 5 3 2 2 2 1 1 1 1
antarctic_sic_t_00378_date_01_03_2010 2450 914 233 73 48 33 14 14 12 6 5 4 3 3 3 2 2 2 2 1 1 1 1 1
antarctic_sic_t_00379_date_01_04_2010 3518 3323 625 157 97 86 51 33 9 5 3 2 1
antarctic_sic_t_00380_date_01_05_2010 8975 4869 1 1
antarctic_sic_t_00381_date_01_06_2010 20200 2
antarctic_sic_t_00382_date_01_07_2010 24480 26 1
antarctic_sic_t_00383_date_01_08_2010 26798 2 2
antarctic_sic_t_00384_date_01_09_2010 26046 5 1
antarctic_sic_t_00385_date_01_10_2010 26139 28 15 1 1
antarctic_sic_t_00386_date_01_11_2010 11309 8581 474 50 36 32 24 7 5 2 2 1 1 1
antarctic_sic_t_00387_date_01_12_2010 2153 2083 1498 1140 921 118 42 26 25 23 21 19 18 15 15 14 13 9 8 5 5 5 4 3 3 3 2 1 1 1
antarctic_sic_t_00388_date_01_01_2011 1688 633 584 549 152 71 26 22 18 17 11 10 7 7 6 6 5 4 3 3 2 2 2 2 1 1 1 1 1 1
antarctic_sic_t_00389_date_01_02_2011 1513 443 363 313 93 35 14 9 5 4 3 2
antarctic_sic_t_00390_date_01_03_2011 1655 479 357 250 100 24 23 6 4 4 3 2 2 2 2 1 1 1 1 1
antarctic_sic_t_00391_date_01_04_2011 3707 2566 58 55 32 30 23 8 6 6 4 3 1 1
antarctic_sic_t_00392_date_01_05_2011 12976 1
antarctic_sic_t_00393_date_01_06_2011 18375 4 1 1
antarctic_sic_t_00394_date_01_07_2011 21706 23 1 1 1
antarctic_sic_t_00395_date_01_08_2011 25053 3 1
antarctic_sic_t_00396_date_01_09_2011 26583
antarctic_sic_t_00397_date_01_10_2011 25544 6 3
antarctic_sic_t_00398_date_01_11_2011 11833 8629 8 3 3 2 1 1
antarctic_sic_t_00399_date_01_12_2011 5713 3321 306 195 101 98 66 65 46 40 30 8 7 7 7 7 6 5 3 2 2 1 1 1 1 1
antarctic_sic_t_00400_date_01_01_2012 2241 1077 892 450 106 58 46 35 29 25 16 15 10 8 8 6 5 4 3 3 2 2 1 1 1 1 1
antarctic_sic_t_00401_date_01_02_2012 1750 323 305 108 99 74 63 59 31 26 25 23 14 12 8 7 7 5 3 3 3 2 2 1 1 1
antarctic_sic_t_00402_date_01_03_2012 2241 839 391 96 70 60 49 42 39 14 7 6 4 4 4 4 3 3 3 2 1 1 1 1 1
antarctic_sic_t_00403_date_01_04_2012 4156 3793 500 114 109 68 32 10 6 4 3 3 3 1 1 1
antarctic_sic_t_00404_date_01_05_2012 13837 9 3 2 1
antarctic_sic_t_00405_date_01_06_2012 18752 9
antarctic_sic_t_00406_date_01_07_2012 23487 5 1 1
antarctic_sic_t_00407_date_01_08_2012 26076 3 1
antarctic_sic_t_00408_date_01_09_2012 27790 1 1 1
antarctic_sic_t_00409_date_01_10_2012 25765 1
antarctic_sic_t_00410_date_01_11_2012 20486 7 3 3 1
antarctic_sic_t_00411_date_01_12_2012 5072 4940 71 47 44 39 27 27 9 3 3 3 3 1 1 1 1 1 1 1 1
