0 126.243 37.07691 102.7764 154.6055 159.2369 100.8189 147.694 140.7437 87.44289 104.1964 153.5817 157.1746 112.6234 167.8547 163.7173 127.9046 150.6361 138.1032 135.2092 159.2054 140.7635 167.7496 172.6283 152.7378 182.8752 166.1422 163.1784 183.8477
126.243 0 151.931 26.36591 29.47177 58.56205 34.68059 33.72973 31.3137 176.9499 187.4669 69.57824 76.07017 187.9522 105.5428 96.33706 189.1631 110.3816 136.3594 188.968 120.383 189.9074 130.6242 136.3213 190.5621 134.3537 167.4293 178.513 154.8793
37.07691 151.931 0 126.402 178.3711 174.5292 121.7508 167.8715 160.5498 53.28461 70.36093 165.0195 167.3362 80.33974 171.3557 169.1841 98.38114 150.1083 127.6928 107.2357 156.9777 113.6395 163.8971 167.9508 127.8527 180.6846 150.9054 144.007 175.7995
102.7764 26.36591 126.402 0 52.1845 64.0737 10.74968 46.13121 39.93606 150.6361 161.3671 67.70106 73.63065 162.1861 98.78993 90.52931 164.2872 97.46866 117.0738 164.6965 107.9281 166.0782 118.4647 124.3179 167.9377 125.4293 149.2228 158.4811 142.1375
154.6055 29.47177 178.3711 52.1845 0 44.89688 57.03508 21.32135 26.24881 198.8618 207.8884 62.18718 68.26521 206.9904 99.47175 89.9611 205.5995 111.1002 144.0326 203.9918 119.9552 203.9752 129.3213 134.5745 202.2959 129.0752 172.6551 186.1673 153.3275
159.2369 58.56205 174.5292 64.0737 44.89688 0 60.81295 25.99246 27.30973 182.787 188.5498 19.69637 24.67701 185.1618 55.40751 46.02406 179.5558 70.99579 109 175.9065 78.53117 174.5561 87.00792 91.86991 169.9131 84.83822 134.1893 149.6705 110.3976
100.8189 34.68059 121.7508 10.74968 57.03508 60.81295 0 46.92973 39.92493 142.8741 152.9738 61.47312 67.01347 153.2877 90.33918 82.46211 154.6471 87.51714 106.3259 154.7467 98.01148 155.9549 108.5587 114.4192 157.4871 116.1988 138.4965 147.744 132.0474
147.694 33.72973 167.8715 46.13121 21.32135 25.99246 46.92973 0 7.402702 183.6981 191.6321 41.36889 47.63478 189.9057 78.75744 69.24161 187.2155 89.78001 123.2891 185.0273 98.65419 184.6558 108.0787 113.3753 182.25 108.35 151.494 165.2874 132.1423
140.7437 31.3137 160.5498 39.93606 26.24881 27.30973 39.92493 7.402702 0 176.3774 184.4261 39.53916 46.00513 182.8274 76.63725 67.18631 180.4391 85.71027 117.7893 178.4424 94.94867 178.213 104.6566 110.0954 176.1835 106.0677 146.6258 159.9456 128.8685
87.44289 176.9499 53.28461 150.6361 198.8618 182.787 142.8741 183.6981 176.3774 0 17.07633 168.4946 168.7873 27.83303 162.9107 163.7468 48.26439 137.8849 103.6256 58.62802 141.5777 65.76696 145.4991 148.0154 82.11141 163.3335 117.1307 105.1259 150.4307
104.1964 187.4669 70.36093 161.3671 207.8884 188.5498 152.9738 191.6321 184.4261 17.07633 0 173.0798 172.743 12.47514 163.7988 165.6129 34.27412 138.1302 100.7547 45.31765 140.5934 52.65757 143.3227 145.2085 69.74103 161.1204 109.6163 95.63079 145.5089
153.5817 69.57824 165.0195 67.70106 62.18718 19.69637 61.47312 41.36889 39.53916 168.4946 173.0798 0 6.501325 168.9156 37.38868 27.87373 162.0888 51.29956 89.77991 157.9076 58.96987 156.2276 67.71001 72.74336 150.9449 66.98355 114.5012 130.1068 91.41053
157.1746 76.07017 167.3362 73.63065 68.26521 24.67701 67.01347 47.63478 46.00513 168.7873 172.743 6.501325 0 168.1356 31.20654 21.69805 160.5104 46.97044 86.67901 155.9246 53.99434 153.9642 62.33356 67.20278 148.0393 60.81143 110.2158 126.2897 85.76777
112.6234 187.9522 80.33974 162.1861 206.9904 185.1618 153.2877 189.9057 182.8274 27.83303 12.47514 168.9156 168.1356 0 157.1998 159.6327 21.82099 131.2964 92.40677 32.91746 132.9874 40.26339 135.0015 136.5215 57.43043 152.6819 98.78213 84.06765 135.7068
167.8547 105.5428 171.3557 98.78993 99.47175 55.40751 90.33918 78.75744 76.63725 162.9107 163.7988 37.38868 31.20654 157.1998 0 9.517955 146.0221 26.01054 67.59386 139.6744 27.83116 136.48 33.47827 37.49841 127.7939 29.60776 84.72302 102.4748 55.46312
163.7173 96.33706 169.1841 90.52931 89.9611 46.02406 82.46211 69.24161 67.18631 163.7468 165.6129 27.87373 21.69805 159.6327 9.517955 0 149.5803 30.31914 72.23428 143.7983 34.73111 141.0095 41.7732 46.22746 133.2414 39.12458 91.90831 109.1032 64.51957
127.9046 189.1631 98.38114 164.2872 205.5995 179.5558 154.6471 187.2155 180.4391 48.26439 34.27412 162.0888 160.5104 21.82099 146.0221 149.5803 0 120.038 79.00206 11.19138 120.2158 18.5168 120.8173 121.609 35.80217 138.0775 79.99826 63.88486 118.6322
150.6361 110.3816 150.1083 97.46866 111.1002 70.99579 87.51714 89.78001 85.71027 137.8849 138.1302 51.29956 46.97044 131.2964 26.01054 30.31914 120.038 0 41.97491 113.841 10.5119 110.8457 21.0535 26.91445 102.933 32.46583 63.26102 79.50918 44.78622
138.1032 136.3594 127.6928 117.0738 144.0326 109 106.3259 123.2891 117.7893 103.6256 100.7547 89.77991 86.67901 92.40677 67.59386 72.23428 79.00206 41.97491 0 72.14407 41.21494 68.90497 42.61689 44.52965 61.40533 60.37495 32.7289 42.31228 48.32652
135.2092 188.968 107.2357 164.6965 203.9918 175.9065 154.7467 185.0273 178.4424 58.62802 45.31765 157.9076 155.9246 32.91746 139.6744 143.7983 11.19138 113.841 72.14407 0 113.2062 7.346188 113.0491 113.4496 24.61137 129.9888 70.03237 53.25785 109.3592
159.2054 120.383 156.9777 107.9281 119.9552 78.53117 98.01148 98.65419 94.94867 141.5777 140.5934 58.96987 53.99434 132.9874 27.83116 34.73111 120.2158 10.5119 41.21494 113.2062 0 109.5968 10.54751 16.40862 100.2197 23.83138 57.18898 74.67141 34.52752
140.7635 189.9074 113.6395 166.0782 203.9752 174.5561 155.9549 184.6558 178.213 65.76696 52.65757 156.2276 153.9642 40.26339 136.48 141.0095 18.5168 110.8457 68.90497 7.346188 109.5968 0 108.8501 108.9386 17.32726 125.4896 64.12319 46.74206 103.9445
167.7496 130.6242 163.8971 118.4647 129.3213 87.00792 108.5587 108.0787 104.6566 145.4991 143.3227 67.71001 62.33356 135.0015 33.47827 41.7732 120.8173 21.0535 42.61689 113.0491 10.54751 108.8501 0 5.861329 98.05925 17.84641 52.0637 70.58355 24.2917
172.6283 136.3213 167.9508 124.3179 134.5745 91.86991 114.4192 113.3753 110.0954 148.0154 145.2085 72.74336 67.20278 136.5215 37.49841 46.22746 121.609 26.91445 44.52965 113.4496 16.40862 108.9386 5.861329 0 97.39616 16.5518 50.0166 68.96885 18.77745
152.7378 190.5621 127.8527 167.9377 202.2959 169.9131 157.4871 182.25 176.1835 82.11141 69.74103 150.9449 148.0393 57.43043 127.7939 133.2414 35.80217 102.933 61.40533 24.61137 100.2197 17.32726 98.05925 97.39616 0 113.8172 49.7721 31.12972 90.2946
182.8752 134.3537 180.6846 125.4293 129.0752 84.83822 116.1988 108.35 106.0677 163.3335 161.1204 66.98355 60.81143 152.6819 29.60776 39.12458 138.0775 32.46583 60.37495 129.9888 23.83138 125.4896 17.84641 16.5518 113.8172 0 65.78894 84.95781 28.90591
166.1422 167.4293 150.9054 149.2228 172.6551 134.1893 138.4965 151.494 146.6258 117.1307 109.6163 114.5012 110.2158 98.78213 84.72302 91.90831 79.99826 63.26102 32.7289 70.03237 57.18898 64.12319 52.0637 50.0166 49.7721 65.78894 0 19.32048 40.58783
163.1784 178.513 144.007 158.4811 186.1673 149.6705 147.744 165.2874 159.9456 105.1259 95.63079 130.1068 126.2897 84.06765 102.4748 109.1032 63.88486 79.50918 42.31228 53.25785 74.67141 46.74206 70.58355 68.96885 31.12972 84.95781 19.32048 0 59.79379
183.8477 154.8793 175.7995 142.1375 153.3275 110.3976 132.0474 132.1423 128.8685 150.4307 145.5089 91.41053 85.76777 135.7068 55.46312 64.51957 118.6322 44.78622 48.32652 109.3592 34.52752 103.9445 24.2917 18.77745 90.2946 28.90591 40.58783 59.79379 0
