0 17.26991 110.1943 33.87667 48.10072 67.35144 141.9233 86.4902 134.6759 150.3685 96.98946 114.7749 158.976 151.2413 122.2309 166.7924 128.4991 139.6235 152.4085 167.1109 151.1472 152.5777 185.8459 167.652 171.041 187.1085 174.1164
17.26991 0 124.2387 16.62083 31.29257 51.49995 154.1836 71.04295 145.9501 160.5599 82.58597 100.687 167.1392 159.1122 109.4881 172.1575 116.3324 128.6314 155.4753 167.5645 141.6058 142.862 189.3057 162.9054 169.9363 188.5662 172.5601
110.1943 124.2387 0 137.9538 146.4279 156.3907 37.36827 169.0336 38.23987 57.39746 171.2346 183.3003 77.63619 74.08416 181.085 102.1882 182.5195 184.092 107.4664 134.4421 184.2156 186.3875 129.175 167.425 147.1962 143.0456 152.335
33.87667 16.62083 137.9538 0 15.58307 36.88125 166.2053 56.61079 157.1655 170.7249 69.30858 87.55165 175.4464 167.2199 97.79628 177.877 105.2047 118.6509 159.2263 168.7206 133.0338 134.0933 193.1193 159.027 169.5697 190.4947 171.7302
48.10072 31.29257 146.4279 15.58307 0 21.48231 172.4051 41.15874 162.5008 174.7881 54.28577 72.50309 177.4918 169.1234 83.47211 177.2877 91.17782 105.2783 156.9007 163.9064 120.5376 121.4516 190.5809 149.9505 163.3915 186.22 165.1304
67.35144 51.49995 156.3907 36.88125 21.48231 0 178.9148 19.73184 167.947 178.3256 32.99047 51.13675 178.2162 169.7628 62.79994 174.3828 70.81699 85.64119 151.8837 155.3381 101.9194 102.6361 184.8368 135.6684 152.9441 178.1357 154.0811
141.9233 154.1836 37.36827 166.2053 172.4051 178.9148 0 188.6641 13.65284 25.07779 188.1442 197.5013 48.35095 48.22551 192.3745 77.30722 192.1413 190.4789 90.95273 118.7741 186.8181 189.0524 104.2969 160.1299 133.387 121.7955 138.7208
86.4902 71.04295 169.0336 56.61079 41.15874 19.73184 188.6641 0 176.9562 185.6422 14.97187 32.22337 183.1201 174.6985 45.52851 176.063 54.01314 69.8397 151.9104 151.7867 87.41052 87.82555 183.6955 126.1951 147.4703 174.7609 147.9468
134.6759 145.9501 38.23987 157.1655 162.5008 167.947 13.65284 176.9562 0 19.22807 175.9003 184.79 40.12418 38.05916 179.3039 67.22658 178.9 176.9934 78.54935 106.4055 173.1849 175.4195 94.46288 146.7786 120.7569 110.8117 126.0803
150.3685 160.5599 57.39746 170.7249 174.7881 178.3256 25.07779 185.6422 19.22807 0 183.1441 190.4194 23.35594 24.5045 183.4424 52.85093 182.1343 178.4846 69.43439 96.81034 172.6502 174.88 79.55189 141.1731 111.9222 97.77689 117.243
96.98946 82.58597 171.2346 69.30858 54.28577 32.99047 188.1442 14.97187 175.9003 183.1441 0 18.24332 178.7787 170.4457 30.57113 169.4496 39.04142 54.93696 144.3699 141.9501 72.73323 73.07235 175.1463 113.2847 136.5306 164.8759 136.6314
114.7749 100.687 183.3003 87.55165 72.50309 51.13675 197.5013 32.22337 184.79 190.4194 18.24332 0 183.9375 175.7859 16.0503 171.7678 24.60479 41.20082 145.6782 139.7439 60.09402 59.99644 174.6261 105.5037 132.4692 162.3287 131.8678
158.976 167.1392 77.63619 175.4464 177.4918 178.2162 48.35095 183.1201 40.12418 23.35594 178.7787 183.9375 0 8.45503 175.2651 29.98366 172.922 167.3587 50.3406 76.40597 159.4291 161.625 56.27672 123.4416 91.86534 75.08889 97.10543
151.2413 159.1122 74.08416 167.2199 169.1234 169.7628 48.22551 174.6985 38.05916 24.5045 170.4457 175.7859 8.45503 0 167.3114 29.22859 165.1197 159.8985 45.39273 72.45061 152.4484 154.6561 56.42904 117.995 87.68156 73.60291 92.98521
122.2309 109.4881 181.085 97.79628 83.47211 62.79994 192.3745 45.52851 179.3039 183.4424 30.57113 16.0503 175.2651 167.3114 0 161.1023 8.712076 25.2537 134.5309 126.5429 44.05547 43.99972 162.1596 90.10912 118.3857 148.8235 117.4713
166.7924 172.1575 102.1882 177.877 177.2877 174.3828 77.30722 176.063 67.22658 52.85093 169.4496 171.7678 29.98366 29.22859 161.1023 0 157.4781 149.5742 27.08011 48.64889 139.1237 141.2342 27.24612 98.1003 64.19532 45.10527 69.23907
128.4991 116.3324 182.5195 105.2047 91.17782 70.81699 192.1413 54.01314 178.9 182.1343 39.04142 24.60479 172.922 165.1197 8.712076 157.4781 0 16.59702 130.663 121.1547 35.54181 35.3952 157.2399 82.79454 112.2841 143.1274 111.0926
139.6235 128.6314 184.092 118.6509 105.2783 85.64119 190.4789 69.8397 176.9934 178.4846 54.93696 41.20082 167.3587 159.8985 25.2537 149.5742 16.59702 0 122.5113 110.1404 19.09711 18.81868 146.8718 68.3477 99.95954 131.3692 98.24056
152.4085 155.4753 107.4664 159.2263 156.9007 151.8837 90.95273 151.9104 78.54935 69.43439 144.3699 145.6782 50.3406 45.39273 134.5309 27.08011 130.663 122.5113 0 27.85713 112.1472 114.2716 33.9053 73.14287 42.55454 37.51296 47.88789
167.1109 167.5645 134.4421 168.7206 163.9064 155.3381 118.7741 151.7867 106.4055 96.81034 141.9501 139.7439 76.40597 72.45061 126.5429 48.64889 121.1547 110.1404 27.85713 0 96.53417 98.45576 37.0691 50.5175 15.56608 22.97461 20.72136
151.1472 141.6058 184.2156 133.0338 120.5376 101.9194 186.8181 87.41052 173.1849 172.6502 72.73323 60.09402 159.4291 152.4484 44.05547 139.1237 35.54181 19.09711 112.1472 96.53417 0 2.236068 133.5942 51.16656 84.91892 116.6343 82.5848
152.5777 142.862 186.3875 134.0933 121.4516 102.6361 189.0524 87.82555 175.4195 174.88 73.07235 59.99644 161.625 154.6561 43.99972 141.2342 35.3952 18.81868 114.2716 98.45576 2.236068 0 135.5221 52.65241 86.69999 118.4253 84.28671
185.8459 189.3057 129.175 193.1193 190.5809 184.8368 104.2969 183.6955 94.46288 79.55189 175.1463 174.6261 56.27672 56.42904 162.1596 27.24612 157.2399 146.8718 33.9053 37.0691 133.5942 135.5221 0 86.65384 50.37098 21.98642 54.35748
167.652 162.9054 167.425 159.027 149.9505 135.6684 160.1299 126.1951 146.7786 141.1731 113.2847 105.5037 123.4416 117.995 90.10912 98.1003 82.79454 68.3477 73.14287 50.5175 51.16656 52.65241 86.65384 0 36.29957 67.48888 32.81222
171.041 169.9363 147.1962 169.5697 163.3915 152.9441 133.387 147.4703 120.7569 111.9222 136.5306 132.4692 91.86534 87.68156 118.3857 64.19532 112.2841 99.95954 42.55454 15.56608 84.91892 86.69999 50.37098 36.29957 0 31.72976 5.335937
187.1085 188.5662 143.0456 190.4947 186.22 178.1357 121.7955 174.7609 110.8117 97.77689 164.8759 162.3287 75.08889 73.60291 148.8235 45.10527 143.1274 131.3692 37.51296 22.97461 116.6343 118.4253 21.98642 67.48888 31.72976 0 34.67668
174.1164 172.5601 152.335 171.7302 165.1304 154.0811 138.7208 147.9468 126.0803 117.243 136.6314 131.8678 97.10543 92.98521 117.4713 69.23907 111.0926 98.24056 47.88789 20.72136 82.5848 84.28671 54.35748 32.81222 5.335937 34.67668 0
