0 96.46936 105.9908 117.4385 46.54434 42.55939 144.5421 46.76381 47.82996 161.6878 52.43755 73.3096 170.4204 77.38289 79.26372 87.90942 103.6885 174.203 105.1053 173.1625 176.4381 172.5538 127.7733 153.4013 168.0321 156.2061
96.46936 0 14.00277 25.95937 143.0035 138.3327 69.51971 141.4622 140.5709 97.40848 141.0895 154.5838 114.4069 149.2533 152.1085 160.4019 166.9971 135.5356 156.3593 143.0035 147.4602 147.2209 166.9658 163.2299 163.8357 163.7834
105.9908 14.00277 0 12.38281 152.2741 147.0116 55.76361 149.6678 148.2185 84.10461 147.8284 159.6425 101.5941 152.9166 155.8365 163.8377 168.7991 124.1741 156.6653 132.4794 136.9792 137.1872 165.1632 157.3876 156.092 157.6175
117.4385 25.95937 12.38281 0 163.505 157.9696 45.83482 160.3817 158.6429 75.08523 157.7502 168.51 93.41812 160.8975 163.8482 171.6169 175.3945 118.1343 162.1882 127.5169 132.0431 132.8178 168.9291 157.5073 154.2533 157.4131
46.54434 143.0035 152.2741 163.505 0 9.407986 187.4852 14.42437 21.50614 201.5392 32.42299 54.44137 207.6879 68.00408 68.15424 74.30909 94.41664 206.0544 104.8533 202.2375 204.8475 199.97 130.7958 168.3152 187.5769 171.8284
42.55939 138.3327 147.0116 157.9696 9.407986 0 180.3583 6.756044 13.12578 193.6313 23.92047 46.85229 199.336 59.46843 59.81229 66.39934 86.24702 197.1112 95.94576 193.1053 195.6747 190.7517 121.8005 158.932 178.1705 162.4371
144.5421 69.51971 55.76361 45.83482 187.4852 180.3583 0 181.2089 177.8563 29.74882 174.2606 179.2898 49.03236 167.8658 170.8219 177.2053 175.6493 77.69815 158.5988 89.56157 93.98969 96.30378 158.09 134.0239 124.4641 132.8334
46.76381 141.4622 149.6678 160.3817 14.42437 6.756044 181.2089 0 7.102914 193.5134 18.00174 40.36252 198.5642 53.58126 53.7593 60.07464 80.08185 195.2378 90.47993 190.7539 193.2002 188.1331 116.4596 154.6918 174.4376 158.2674
47.82996 140.5709 148.2185 158.6429 21.50614 13.12578 177.8563 7.102914 0 189.278 10.92462 33.77694 193.7856 46.52852 46.76908 53.27382 73.15883 189.6441 83.37707 184.8464 187.2138 182.0609 109.3587 147.8305 167.7774 151.431
161.6878 97.40848 84.10461 75.08523 201.5392 193.6313 29.74882 193.5134 189.278 0 184.1487 185.4695 19.77682 172.061 174.9071 180.1762 175.2345 51.26778 156.3437 64.86258 68.99802 72.55442 150.9468 118.9038 104.9438 116.9427
52.43755 141.0895 147.8284 157.7502 32.42299 23.92047 174.2606 18.00174 10.92462 184.1487 0 23.61989 187.6949 35.60626 35.8922 42.62735 62.337 182.0797 72.52222 176.6954 178.9085 173.5951 98.54279 137.7325 158.1237 141.3904
73.3096 154.5838 159.6425 168.51 54.44137 46.85229 179.2898 40.36252 33.77694 185.4695 23.61989 0 186.5207 17.24749 15.881 20.05002 40.44423 176.8111 54.26048 169.6556 171.3417 165.552 80.22337 123.6469 145.8204 127.5399
170.4204 114.4069 101.5941 93.41812 207.6879 199.336 49.03236 198.5642 193.7856 19.77682 187.6949 186.5207 0 171.9969 174.7234 179.1693 172.0545 32.97121 152.2726 47.50029 51.29111 55.68014 143.7123 106.953 90.2697 104.5065
77.38289 149.2533 152.9166 160.8975 68.00408 59.46843 167.8658 53.58126 46.52852 172.061 35.60626 17.24749 171.9969 0 2.981424 11.35369 27.3715 160.8551 37.64306 153.2293 154.7839 148.9 63.759 106.4106 128.598 110.2976
79.26372 152.1085 155.8365 163.8482 68.15424 59.81229 170.8219 53.7593 46.76908 174.9071 35.8922 15.881 174.7234 2.981424 0 8.839397 26.51937 163.3131 38.42598 155.541 157.043 151.1192 64.45838 107.912 130.3338 111.8302
87.90942 160.4019 163.8377 171.6169 74.30909 66.39934 177.2053 60.07464 53.27382 180.1762 42.62735 20.05002 179.1693 11.35369 8.839397 0 20.43149 166.3212 36.36396 157.8837 159.1514 153.0666 61.61585 107.2779 130.4422 111.2867
103.6885 166.9971 168.7991 175.3945 94.41664 86.24702 175.6493 80.08185 73.15883 175.2345 62.337 40.44423 172.0545 27.3715 26.51937 20.43149 0 155.9569 20.77236 146.2006 146.9884 140.6423 43.02212 90.90477 114.9685 95.00106
174.203 135.5356 124.1741 118.1343 206.0544 197.1112 77.69815 195.2378 189.6441 51.26778 182.0797 176.8111 32.97121 160.8551 163.3131 166.3212 155.9569 0 135.3432 15.06341 18.43655 23.53521 122.1828 79.66433 59.79444 76.61042
105.1053 156.3593 156.6653 162.1882 104.8533 95.94576 158.5988 90.47993 83.37707 156.3437 72.52222 54.26048 152.2726 37.64306 38.42598 36.36396 20.77236 135.3432 0 125.4468 126.217 119.8703 26.1244 71.12587 94.7588 75.17461
173.1625 143.0035 132.4794 127.5169 202.2375 193.1053 89.56157 190.7539 184.8464 64.86258 176.6954 169.6556 47.50029 153.2293 155.541 157.8837 146.2006 15.06341 125.4468 0 4.527693 8.485281 110.4227 65.9242 45.00096 62.64982
176.4381 147.4602 136.9792 132.0431 204.8475 195.6747 93.98969 193.2002 187.2138 68.99802 178.9085 171.3417 51.29111 154.7839 157.043 159.1514 146.9884 18.43655 126.217 4.527693 0 6.670832 110.3858 64.82669 42.90548 61.38811
172.5538 147.2209 137.1872 132.8178 199.97 190.7517 96.30378 188.1331 182.0609 72.55442 173.5951 165.552 55.68014 148.9 151.1192 153.0666 140.6423 23.53521 119.8703 8.485281 6.670832 0 103.7735 58.18935 36.63048 54.78138
127.7733 166.9658 165.1632 168.9291 130.7958 121.8005 158.09 116.4596 109.3587 150.9468 98.54279 80.22337 143.7123 63.759 64.45838 61.61585 43.02212 122.1828 26.1244 110.4227 110.3858 103.7735 0 49.30975 74.06397 53.42853
153.4013 163.2299 157.3876 157.5073 168.3152 158.932 134.0239 154.6918 147.8305 118.9038 137.7325 123.6469 106.953 106.4106 107.912 107.2779 90.90477 79.66433 71.12587 65.9242 64.82669 58.18935 49.30975 0 24.88618 4.123106
168.0321 163.8357 156.092 154.2533 187.5769 178.1705 124.4641 174.4376 167.7774 104.9438 158.1237 145.8204 90.2697 128.598 130.3338 130.4422 114.9685 59.79444 94.7588 45.00096 42.90548 36.63048 74.06397 24.88618 0 20.83757
156.2061 163.7834 157.6175 157.4131 171.8284 162.4371 132.8334 158.2674 151.431 116.9427 141.3904 127.5399 104.5065 110.2976 111.8302 111.2867 95.00106 76.61042 75.17461 62.64982 61.38811 54.78138 53.42853 4.123106 20.83757 0
