antarctic_sic_t_00001_date_01_10_1978 4733 3225 1864 261 251 201 153 149 123 110 61 45 24 18 16 14 12 12 11 7 6 4 4 4 3 3 3 2 2 1 1 1 1 1 1 1 1 1 1 1 1 1 1 1 1 1 1 1 1
antarctic_sic_t_00002_date_01_11_1978 2778 2431 1539 961 761 357 62 58 27 25 22 18 18 12 11 11 9 9 8 4 4 3 1 1 1 1 1 1 1 1
antarctic_sic_t_00001_date_01_10_1978 4733 3225 1864 261 251 201 153 149 123 110 61 45 24 18 16 14 12 12 11 7 6 4 4 4 3 3 3 2 2 1 1 1 1 1 1 1 1 1 1 1 1 1 1 1 1 1 1 1 1
antarctic_sic_t_00002_date_01_11_1978 2778 2431 1539 961 761 357 62 58 27 25 22 18 18 12 11 11 9 9 8 4 4 3 1 1 1 1 1 1 1 1
antarctic_sic_t_00001_date_01_10_1978 4733 3225 1864 261 251 201 153 149 123 110 61 45 24 18 16 14 12 12 11 7 6 4 4 4 3 3 3 2 2 1 1 1 1 1 1 1 1 1 1 1 1 1 1 1 1 1 1 1 1
antarctic_sic_t_00002_date_01_11_1978 2778 2431 1539 961 761 357 62 58 27 25 22 18 18 12 11 11 9 9 8 4 4 3 1 1 1 1 1 1 1 1
antarctic_sic_t_00001_date_01_10_1978 4733 3225 1864 261 251 201 153 149 123 110 61 45 24 18 16 14 12 12 11 7 6 4 4 4 3 3 3 2 2 1 1 1 1 1 1 1 1 1 1 1 1 1 1 1 1 1 1 1 1
antarctic_sic_t_00002_date_01_11_1978 2778 2431 1539 961 761 357 62 58 27 25 22 18 18 12 11 11 9 9 8 4 4 3 1 1 1 1 1 1 1 1
antarctic_sic_t_00001_date_01_10_1978 4733 3225 1864 261 251 201 153 149 123 110 61 45 24 18 16 14 12 12 11 7 6 4 4 4 3 3 3 2 2 1 1 1 1 1 1 1 1 1 1 1 1 1 1 1 1 1 1 1 1
antarctic_sic_t_00002_date_01_11_1978 2778 2431 1539 961 761 357 62 58 27 25 22 18 18 12 11 11 9 9 8 4 4 3 1 1 1 1 1 1 1 1
antarctic_sic_t_00001_date_01_10_1978 4733 3225 1864 261 251 201 153 149 123 110 61 45 24 18 16 14 12 12 11 7 6 4 4 4 3 3 3 2 2 1 1 1 1 1 1 1 1 1 1 1 1 1 1 1 1 1 1 1 1
antarctic_sic_t_00002_date_01_11_1978 2778 2431 1539 961 761 357 62 58 27 25 22 18 18 12 11 11 9 9 8 4 4 3 1 1 1 1 1 1 1 1
antarctic_sic_t_00003_date_01_12_1978 1629 829 477 290 136 91 72 41 39 29 25 19 15 7 6 5 5 5 3 1 1 1
antarctic_sic_t_00004_date_01_01_1979 1051 733 300 203 135 119 22 20 11 9 6 3 2 2
antarctic_sic_t_00005_date_01_02_1979 837 323 150 121 61 31 28 18 17 6 3 3 2
antarctic_sic_t_00006_date_01_03_1979 1117 26 7 3 1 1 1
antarctic_sic_t_00007_date_01_04_1979 1933 1364 20 7 7 6 5 3 2 1
antarctic_sic_t_00008_date_01_05_1979 3137 2377 204 144 81 38 31 21 21 21 13 7 5 3 2 2 2 2 2 2 1 1 1 1
antarctic_sic_t_00009_date_01_06_1979 6253 3828 468 140 45 45 32 21 17 12 4 2 2 1 1
antarctic_sic_t_00010_date_01_07_1979 8291 4821 604 134 64 60 52 52 49 49 22 10 10 3 1 1
antarctic_sic_t_00011_date_01_08_1979 8153 3195 601 285 155 68 56 44 30 27 16 9 9 7 7 3 2 1 1 1 1 1
antarctic_sic_t_00012_date_01_09_1979 8614 4077 626 209 196 71 48 24 17 14 1 1
antarctic_sic_t_00013_date_01_10_1979 6757 2661 475 436 377 121 80 77 64 56 38 30 22 22 20 13 8 5 3 3 3 3 2 2 1 1 1 1 1 1 1
antarctic_sic_t_00014_date_01_11_1979 4516 2765 724 432 130 39 33 30 29 17 14 12 9 7 4 3 3 1 1
antarctic_sic_t_00015_date_01_12_1979 2245 1637 277 250 61 39 21 20 17 17 13 8 7 6 4 3 3 2 1 1 1
antarctic_sic_t_00016_date_01_01_1980 1251 539 190 130 103 92 34 30 28 16 14 13 13 7 5 4 3 3 2 2 2 1 1 1 1 1 1
antarctic_sic_t_00017_date_01_02_1980 898 334 101 38 22 13 8 1
antarctic_sic_t_00018_date_01_03_1980 1003
antarctic_sic_t_00019_date_01_04_1980 1396 149 20 14 2 1
antarctic_sic_t_00020_date_01_05_1980 2405 318 118 111 111 75 60 33 30 13 6 4 3 2 2 2 1 1 1 1 1
antarctic_sic_t_00021_date_01_06_1980 4837 1949 721 170 98 59 31 28 15 8 6 3 3 2 1 1 1
antarctic_sic_t_00022_date_01_07_1980 6866 2708 806 114 113 34 17 16 14 14 10 7 6 5 3 3 2 1 1 1 1 1 1 1 1 1 1
antarctic_sic_t_00023_date_01_08_1980 8246 2548 1692 158 149 109 98 49 47 42 18 9 7 4 3 1 1 1 1 1
antarctic_sic_t_00024_date_01_09_1980 11030 3534 93 59 55 42 38 27 25 22 18 12 9 8 7 6 6 4 2 2 1 1 1 1 1 1 1
antarctic_sic_t_00025_date_01_10_1980 10623 4000 236 121 39 30 30 22 11 8 5 4 4 3 3 3 2 2 1 1
antarctic_sic_t_00026_date_01_11_1980 2886 2670 1129 464 93 81 69 64 58 52 49 49 38 37 26 25 23 23 18 18 9 9 8 8 6 5 5 2 1 1 1 1
antarctic_sic_t_00027_date_01_12_1980 1013 643 488 224 211 162 97 95 57 52 49 46 43 37 22 13 12 8 6 6 4 4 2 2 2 1
antarctic_sic_t_00028_date_01_01_1981 765 296 271 88 82 43 41 41 38 23 18 18 10 10 9 6 4 4 3 3 2 2 2 1 1 1
antarctic_sic_t_00029_date_01_02_1981 370 121 86 67 57 18 15 9 8 8 8 7 6 5 2 2 1 1 1 1 1 1
antarctic_sic_t_00030_date_01_03_1981 524 44 21 16 13 10 9 1
antarctic_sic_t_00031_date_01_04_1981 1003 553 73 51 22 18 17 6
antarctic_sic_t_00032_date_01_05_1981 2285 1179 495 231 201 96 30 26 24 22 4 3 2 2 1 1 1 1 1
antarctic_sic_t_00033_date_01_06_1981 5655 2608 992 17 11 5 5 3 2 1
antarctic_sic_t_00034_date_01_07_1981 7410 4330 1343 124 33 21 18 15 15 12 8 6 6 4 2 1 1
antarctic_sic_t_00035_date_01_08_1981 8231 4946 1137 326 33 14 14 11 9 6 4 2 1 1 1 1 1
antarctic_sic_t_00036_date_01_09_1981 11557 3127 197 47 27 26 9 8 6 5 4 2 2 1 1 1 1 1
antarctic_sic_t_00037_date_01_10_1981 11441 2362 506 375 103 62 59 16 12 11 2 1 1 1 1 1 1 1
antarctic_sic_t_00038_date_01_11_1981 3452 3069 2145 421 103 37 31 19 19 13 6 6 5 4 3 2 1 1 1
antarctic_sic_t_00039_date_01_12_1981 1136 526 292 195 129 97 95 58 38 30 7 6 5 5 4 4 4 3 3 2 1 1 1 1 1
antarctic_sic_t_00040_date_01_01_1982 547 343 190 120 106 69 40 28 24 16 14 10 8 8 7 6 5 4 3 2 2 2 1 1
antarctic_sic_t_00041_date_01_02_1982 283 101 88 67 54 37 14 11 10 9 8 6 5 4 1
antarctic_sic_t_00042_date_01_03_1982 746 201 52 28 7 6 5 4 1 1 1
antarctic_sic_t_00043_date_01_04_1982 1784 1540 189 136 64 51 34 23 10 3 1 1 1
antarctic_sic_t_00044_date_01_05_1982 3620 2561 281 109 62 36 33 32 28 26 19 17 12 7 7 4 1 1 1
antarctic_sic_t_00045_date_01_06_1982 4221 3453 1123 58 39 21 15 9 8 3 1 1 1 1 1
antarctic_sic_t_00046_date_01_07_1982 7483 2947 591 364 48 19 18 9 6 4 4 3 2 2 1 1 1 1 1 1 1 1
antarctic_sic_t_00047_date_01_08_1982 8292 3516 2214 256 229 40 26 24 6 2 2 1 1 1
antarctic_sic_t_00048_date_01_09_1982 10314 3398 222 61 49 32 30 12 11 6 4 4 1 1 1 1 1
antarctic_sic_t_00049_date_01_10_1982 7262 4053 725 227 172 89 63 56 36 20 9 5 2 1 1 1 1 1 1 1
antarctic_sic_t_00050_date_01_11_1982 3853 3386 564 101 64 63 19 17 14 11 10 9 7 7 7 6 2 2 1 1 1 1 1 1 1 1 1
antarctic_sic_t_00051_date_01_12_1982 1699 1111 468 372 133 49 43 41 32 31 17 14 12 10 9 9 6 5 4 4 2 2 2 1 1 1
antarctic_sic_t_00052_date_01_01_1983 1334 375 231 175 85 60 28 21 18 16 11 9 8 7 6 4 4 4 4 3 3 3 2 1 1 1 1
antarctic_sic_t_00053_date_01_02_1983 1138 90 46 26 11 4 3 2 1 1 1 1 1
antarctic_sic_t_00054_date_01_03_1983 1147 14 3
antarctic_sic_t_00055_date_01_04_1983 1995 453 55 29 15 2 2 2 1 1 1 1 1 1 1 1
antarctic_sic_t_00056_date_01_05_1983 3215 1670 110 100 90 38 24 12 10 10 8 7 6 6 4 3 2 2
antarctic_sic_t_00057_date_01_06_1983 4141 1946 480 341 78 66 42 35 23 20 20 15 15 9 8 6 6 4 3 3 2 2 2 1 1 1 1 1 1 1 1
antarctic_sic_t_00058_date_01_07_1983 6971 3463 806 654 80 49 22 20 10 9 8 1 1
antarctic_sic_t_00059_date_01_08_1983 7853 4819 182 163 122 100 69 47 28 17 2 1 1 1 1 1
antarctic_sic_t_00060_date_01_09_1983 9093 4346 199 80 76 38 34 31 27 20 10 2 2 2 2 2 1 1 1 1 1 1 1
antarctic_sic_t_00061_date_01_10_1983 7903 3958 387 230 103 91 79 64 45 36 35 10 5 5 3 1 1 1 1 1 1 1 1
antarctic_sic_t_00062_date_01_11_1983 1945 1345 1198 433 420 244 187 139 93 54 53 37 35 34 32 21 19 18 17 13 12 10 9 8 7 7 6 4 3 2 2 1 1 1 1 1 1
antarctic_sic_t_00063_date_01_12_1983 1597 609 549 198 86 59 35 20 15 10 10 5 5 2 1 1
antarctic_sic_t_00064_date_01_01_1984 1151 325 117 105 94 51 42 40 15 10 9 8 8 6 5 3 2 1 1 1 1 1 1 1 1
antarctic_sic_t_00065_date_01_02_1984 937 128 84 29 12 11 4 4 2 2 2 1 1 1 1
antarctic_sic_t_00066_date_01_03_1984 893 60 12 2
antarctic_sic_t_00067_date_01_04_1984 1538 341 87 84 18 16 7 6
antarctic_sic_t_00068_date_01_05_1984 2976 1757 234 174 164 34 20 16 14 13 6 4 4 3 1
antarctic_sic_t_00069_date_01_06_1984 5813 3762 866 75 62 55 52 47 20 14 2
antarctic_sic_t_00070_date_01_07_1984 9906 5340 82 82 72 12 10 3 3 1
antarctic_sic_t_00071_date_01_08_1984 9885 4137 122 116 94 62 50 48 29 19 6 6 5 3 2 1 1 1 1 1 1 1 1 1 1 1 1 1
antarctic_sic_t_00072_date_01_09_1984 8390 4413 465 118 47 27 16 16 13 11 11 6 5 3 2 2 2 1 1 1
antarctic_sic_t_00073_date_01_10_1984 7914 3552 810 459 157 76 65 35 32 27 14 12 3 2 2 1 1 1 1 1
antarctic_sic_t_00074_date_01_11_1984 6332 3245 652 151 110 51 32 26 21 10 7 6 3 2 1 1
antarctic_sic_t_00075_date_01_12_1984 1358 1135 138 133 118 64 51 45 37 35 28 17 12 9 9 9 7 6 5 4 3 2 1 1 1 1
antarctic_sic_t_00076_date_01_01_1985 1017 464 156 130 93 86 46 39 33 28 21 9 8 7 7 4 3 1 1 1 1
antarctic_sic_t_00077_date_01_02_1985 805 334 44 43 20 17 11 8 7 5 4 4 3 3 1 1
antarctic_sic_t_00078_date_01_03_1985 831 406 26 9 5 2 1 1
antarctic_sic_t_00079_date_01_04_1985 1566 1381 53 11 6 4 3 1
antarctic_sic_t_00080_date_01_05_1985 3340 2683 286 100 61 52 23 12 9 7 6 5 4 3 3 1 1 1 1 1 1
antarctic_sic_t_00081_date_01_06_1985 4926 2727 813 433 79 50 48 39 35 20 16 8 8 6 3 3 2 2 2 1 1 1 1 1
antarctic_sic_t_00082_date_01_07_1985 7251 2808 1115 87 77 73 62 19 5 4 1 1 1
antarctic_sic_t_00083_date_01_08_1985 9356 5260 540 214 140 89 60 19 16 15 9
antarctic_sic_t_00084_date_01_09_1985 8164 5587 283 123 25 22 15 7 7 6 4 2 1
antarctic_sic_t_00085_date_01_10_1985 8622 4857 517 416 271 255 45 40 23 15 14 7 6 4 3 3 3 3 2 2 1 1 1 1 1 1
antarctic_sic_t_00086_date_01_11_1985 6285 4649 93 92 86 70 41 21 17 10 8 8 7 6 3 3 2 2 2 1 1 1 1 1
antarctic_sic_t_00087_date_01_12_1985 1324 1078 335 242 75 50 31 7 2 1
antarctic_sic_t_00088_date_01_01_1986 956 689 200 75 59 36 26 22 19 17 15 15 11 9 7 4 3 3 1 1 1 1
antarctic_sic_t_00089_date_01_02_1986 519 197 171 90 50 37 31 26 12 6 4 1 1 1
antarctic_sic_t_00090_date_01_03_1986 417 159 43 34 24 23 19 19 13 9 8 2 1 1 1 1
antarctic_sic_t_00091_date_01_04_1986 982 773 75 21 20 10 7 6 5 4 4 1 1 1 1
antarctic_sic_t_00092_date_01_05_1986 3132 1363 107 104 90 84 69 21 18 8 3 2 2 2 2 2 1 1 1
antarctic_sic_t_00093_date_01_06_1986 4938 592 468 377 359 263 127 64 27 26 25 23 20 16 6 5 2 2 2 2 1 1 1 1 1 1
antarctic_sic_t_00094_date_01_07_1986 6853 1312 849 713 302 118 46 44 29 25 23 7 5 4 4 3 2 2 1 1 1 1 1 1 1 1 1
antarctic_sic_t_00095_date_01_08_1986 7602 2837 1485 390 61 52 49 32 30 15 12 11 8 6 4 4 2 2 2 2 2 1 1 1 1 1 1 1 1 1 1 1
antarctic_sic_t_00096_date_01_09_1986 8562 3258 653 242 98 81 76 70 59 11 5 4 4 3 3 3 2 2 1 1 1 1 1 1 1 1 1 1 1 1 1 1 1 1
antarctic_sic_t_00097_date_01_10_1986 7848 3536 494 232 92 80 77 63 39 17 17 16 14 12 10 9 6 6 6 5 5 3 2 2 2 2 2 1 1 1 1 1 1 1 1 1 1 1 1 1 1 1 1 1
antarctic_sic_t_00098_date_01_11_1986 3388 2791 496 355 204 94 54 49 47 44 39 39 10 10 9 8 6 5 2 2 1 1 1 1 1 1 1 1
antarctic_sic_t_00099_date_01_12_1986 1910 967 258 190 57 49 48 45 39 21 20 17 14 13 13 13 7 6 4 4 2 1 1 1 1 1 1 1
antarctic_sic_t_00100_date_01_01_1987 1055 408 398 54 45 42 38 36 35 33 32 14 10 9 5 4 4 4 4 3 3 3 2 2 2 1 1
antarctic_sic_t_00101_date_01_02_1987 948 232 32 20 12 11 7 7 6 6 2 2 1
antarctic_sic_t_00102_date_01_03_1987 1020 38 35 5 2
antarctic_sic_t_00103_date_01_04_1987 2257 1101 44 30 18 8 6 6 3 1 1
antarctic_sic_t_00104_date_01_05_1987 2795 2649 286 226 94 27 22 18 13 11 10 9 9 4 3 1 1
antarctic_sic_t_00105_date_01_06_1987 5010 922 471 395 136 115 99 88 34 32 23 21 12 10 9 6 6 5 3 2 2 2 1 1 1 1 1 1 1 1
antarctic_sic_t_00106_date_01_07_1987 7505 1849 652 604 105 100 99 46 25 22 22 20 18 15 14 12 6 6 6 6 5 5 4 4 2 1 1 1 1 1
antarctic_sic_t_00107_date_01_08_1987 8946 2760 1203 195 151 146 133 41 12 9 7 6 6 5 4 2 2 1 1 1 1
antarctic_sic_t_00108_date_01_09_1987 10071 3205 264 157 79 70 41 36 17 15 8 8 7 6 4 4 2 1 1 1
antarctic_sic_t_00109_date_01_10_1987 9441 1417 1029 133 103 96 94 89 64 63 58 36 36 29 24 22 19 12 7 6 6 3 3 2 1 1
antarctic_sic_t_00110_date_01_11_1987 3087 1307 671 405 387 221 148 55 53 53 43 38 33 26 26 22 16 12 9 9 9 7 7 6 6 6 4 4 4 1 1
antarctic_sic_t_00111_date_01_12_1987 1962 924 477 234 221 128 127 69 64 64 52 51 51 48 34 32 28 26 17 16 16 14 12 11 11 10 7 7 7 6 5 5 4 4 4 3 2 2 1 1 1 1 1 1 1
antarctic_sic_t_00112_date_01_01_1988 959 425 388 274 96 80 49 42 39 39 20 20 13 13 9 9 8 3 3 3 3 2 2 1 1 1 1
antarctic_sic_t_00113_date_01_02_1988 849 299 141 50 39 27 23 17 15 14 11 10 9 8 7 4 3 3 1 1 1 1 1 1 1
antarctic_sic_t_00114_date_01_03_1988 831 125 121 74 68 16 9 9 5 4 4 4 3 3 3 3 2 1 1 1
antarctic_sic_t_00115_date_01_04_1988 1441 241 91 57 30 27 25 10 9 8 7 4 3 2 1
antarctic_sic_t_00116_date_01_05_1988 2126 2109 116 71 38 31 29 27 22 16 16 15 15 14 9 7 6 5 5 4 2 2 2 2 2 1 1 1
antarctic_sic_t_00117_date_01_06_1988 4340 4273 547 259 192 164 70 54 27 15 13 11 9 9 7 4 1 1
antarctic_sic_t_00118_date_01_07_1988 8195 1716 1708 151 70 22 14 13 7 5 5 5 3 1 1 1
antarctic_sic_t_00119_date_01_08_1988 8927 1876 1220 399 185 115 40 31 26 15 10 7 6 5 4 4 4 4 3 1 1 1 1 1
antarctic_sic_t_00120_date_01_09_1988 8147 2998 895 100 95 94 33 21 21 15 10 7 6 5 3 3 2 1 1
antarctic_sic_t_00121_date_01_10_1988 8562 4050 654 565 144 118 82 70 54 38 38 30 17 16 11 10 9 9 6 4 3 3 3 2 2 1 1 1
antarctic_sic_t_00122_date_01_11_1988 6310 1804 1181 1013 105 101 95 79 67 65 54 53 49 34 27 27 27 24 23 22 12 6 5 5 3 2 2 2 2 1 1 1 1 1
antarctic_sic_t_00123_date_01_12_1988 2008 1342 170 163 85 64 60 51 48 38 30 23 18 17 17 14 9 5 5 3 3 2 2 1
antarctic_sic_t_00124_date_01_01_1989 1158 931 99 84 42 35 34 32 20 18 18 17 13 8 8 7 6 5 4 4 3 3 2 2 1 1
antarctic_sic_t_00125_date_01_02_1989 927 724 64 55 19 18 15 12 11 7 4 3 2 2 1 1 1
antarctic_sic_t_00126_date_01_03_1989 552 291 117 89 14 13 12 7 4 2 2 2 1 1 1 1 1
antarctic_sic_t_00127_date_01_04_1989 1312 158 136 64 63 60 29 26 16 15 15 10 6 5 5 4 3 2 1
antarctic_sic_t_00128_date_01_05_1989 2494 1347 725 396 222 119 109 99 71 71 17 16 12 9 7 6 6 3 2 2 1 1
antarctic_sic_t_00129_date_01_06_1989 4863 4622 397 363 116 93 84 22 11 6 3 2 1 1
antarctic_sic_t_00130_date_01_07_1989 7613 4348 158 154 103 57 48 46 43 34 12 9 7 7 6 5 3 2 2 2 1 1 1 1 1 1 1
antarctic_sic_t_00131_date_01_08_1989 10575 4408 192 157 117 47 45 38 30 7 7 5 4 3 1 1 1 1 1 1 1 1
antarctic_sic_t_00132_date_01_09_1989 9828 3783 406 164 96 74 69 67 54 14 3 2 1
antarctic_sic_t_00133_date_01_10_1989 8154 3900 623 421 213 70 64 56 36 13 10 5 1 1 1 1 1
antarctic_sic_t_00134_date_01_11_1989 2657 2023 880 487 321 256 128 88 51 39 33 32 22 21 20 17 8 7 4 4 3 3 1 1 1 1
antarctic_sic_t_00135_date_01_12_1989 2140 1197 757 323 67 64 53 36 23 14 8 7 7 6 5 4 4 3 3 3 2 1 1
antarctic_sic_t_00136_date_01_01_1990 1388 906 502 220 39 31 29 22 22 17 14 9 8 4 2 2 2 2 1
antarctic_sic_t_00137_date_01_02_1990 1171 360 227 147 74 73 40 24 5 5 5 4 4 2 2 1 1 1 1
antarctic_sic_t_00138_date_01_03_1990 1089 353 124 90 79 77 69 29 3 3 2 2 2 1 1 1 1
antarctic_sic_t_00139_date_01_04_1990 1382 1093 160 152 43 26 23 15 14 10 8 5 2 1 1 1 1 1
antarctic_sic_t_00140_date_01_05_1990 2568 1675 410 384 264 107 57 36 30 24 21 20 14 13 13 8 7 5 3 2 2 2 1 1 1 1 1 1 1
antarctic_sic_t_00141_date_01_06_1990 5336 1567 730 541 393 96 72 67 51 35 5 4 1 1 1
antarctic_sic_t_00142_date_01_07_1990 5961 2146 635 492 480 191 49 29 29 26 15 12 7 6 6 5 5 4 4 3 2 2 1 1 1 1 1
antarctic_sic_t_00143_date_01_08_1990 8178 2250 1187 367 207 199 113 108 108 61 30 23 21 13 7 4 3 1 1 1 1
antarctic_sic_t_00144_date_01_09_1990 7535 2476 1451 255 248 187 68 28 27 11 8 7 5 4 1 1 1 1 1
antarctic_sic_t_00145_date_01_10_1990 5591 3272 510 350 264 246 156 99 38 26 24 20 18 14 14 12 8 7 7 6 4 2 1
antarctic_sic_t_00146_date_01_11_1990 3880 2830 555 380 263 111 88 59 49 41 26 21 18 13 8 6 6 4 3 3 3 2 2 1 1 1 1 1
antarctic_sic_t_00147_date_01_12_1990 2748 773 111 106 87 62 37 35 22 22 20 19 17 17 17 16 14 13 10 9 6 6 5 4 3 2 2 2 1 1 1
antarctic_sic_t_00148_date_01_01_1991 1971 426 105 38 30 29 28 20 13 10 9 8 7 6 5 4 4 2 2 1 1
antarctic_sic_t_00149_date_01_02_1991 1639 182 39 13 8 5 5 5 4 3 3 1 1
antarctic_sic_t_00150_date_01_03_1991 1911 108 14 3 1
antarctic_sic_t_00151_date_01_04_1991 2494 356 28 24 17 12 8 3 3 2
antarctic_sic_t_00152_date_01_05_1991 3475 585 248 196 150 118 81 73 53 41 31 22 15 14 9 5 5 4 2 2
antarctic_sic_t_00153_date_01_06_1991 5518 547 421 283 85 58 52 31 31 31 18 16 15 10 4 4 3 3 1 1
antarctic_sic_t_00154_date_01_07_1991 6807 3246 530 181 97 47 38 35 29 27 22 13 3 3 2 2 1 1 1 1 1 1
antarctic_sic_t_00155_date_01_08_1991 8288 2150 570 356 313 182 180 70 55 46 39 31 18 16 16 8 5 5 3 2 2 1 1 1 1 1
antarctic_sic_t_00156_date_01_09_1991 9025 1896 884 639 426 387 205 94 11 7 3 2 2 1 1 1
antarctic_sic_t_00157_date_01_10_1991 8722 1551 423 333 293 292 230 65 61 17 8 8 6 6 6 4 3 2 2 1
antarctic_sic_t_00158_date_01_11_1991 2216 1095 626 597 591 349 324 225 221 206 182 170 150 92 63 61 46 32 25 20 19 18 17 17 16 16 12 12 11 10 8 7 4 3 3 2 2 1 1 1 1 1
antarctic_sic_t_00159_date_01_12_1991 2165 509 377 194 156 98 90 66 61 56 45 41 22 22 21 17 17 11 11 9 8 7 6 4 3 2 1 1 1 1
antarctic_sic_t_00160_date_01_01_1992 1614 368 327 118 105 104 66 55 38 18 12 9 9 8 7 5 5 5 5 1 1 1 1
antarctic_sic_t_00161_date_01_02_1992 1004 186 35 30 27 24 16 14 5 5 4 4 4 3 3 3 2 2 1 1 1 1
antarctic_sic_t_00162_date_01_03_1992 1457 133 45 39 10 8 6 5 2
antarctic_sic_t_00163_date_01_04_1992 2149 763 80 11 2 2 2 1 1 1
antarctic_sic_t_00164_date_01_05_1992 3261 1674 147 139 72 55 45 21 18 10 8 5 5 5 3 1 1 1 1 1
antarctic_sic_t_00165_date_01_06_1992 5853 1187 399 175 154 124 104 85 50 48 47 26 20 15 13 10 10 8 5 2 2 1 1
antarctic_sic_t_00166_date_01_07_1992 7652 1504 1020 324 147 102 91 84 79 40 37 35 35 17 11 11 9 6 5 4 2 2 2 1 1 1 1
antarctic_sic_t_00167_date_01_08_1992 10087 3597 75 66 47 41 41 16 11 9 9 8 6 6 5 5 4 3 3 2 2 1 1 1
antarctic_sic_t_00168_date_01_09_1992 7137 3972 1124 302 239 24 19 19 17 11 2 1 1 1
antarctic_sic_t_00169_date_01_10_1992 6434 4551 772 239 167 116 100 77 16 14 14 7 5 3 1 1 1
antarctic_sic_t_00170_date_01_11_1992 2576 1938 410 209 117 85 66 56 56 44 35 28 25 25 20 19 17 12 11 10 9 9 9 7 7 5 3 2 1 1 1 1 1
antarctic_sic_t_00171_date_01_12_1992 307 221 176 95 94 92 91 83 63 59 58 54 35 32 28 26 24 23 22 18 15 12 11 10 10 8 8 5 4 4 2 2 2 1 1
antarctic_sic_t_00172_date_01_01_1993 300 192 117 58 50 48 45 22 20 15 14 13 13 11 11 11 11 10 9 7 4 4 4 3 2 2 2 1 1
antarctic_sic_t_00173_date_01_02_1993 323 104 52 37 16 16 11 9 6 4 4 4 4 3 3 2 2 2 1
antarctic_sic_t_00174_date_01_03_1993 526 77 52 9 9 6 3 3 1
antarctic_sic_t_00175_date_01_04_1993 1764 1083 89 55 44 36 19 15 14 10 9 6 5 5 1 1 1
antarctic_sic_t_00176_date_01_05_1993 2581 2383 403 244 109 102 94 71 63 47 38 30 19 15 12 10 8 6 5 5 3 3 1 1 1 1
antarctic_sic_t_00177_date_01_06_1993 5364 1870 1287 101 91 55 17 13 9 8 5 5 3 3 1 1 1 1
antarctic_sic_t_00178_date_01_07_1993 7433 3319 1166 189 189 170 61 57 43 28 13 12 11 4 4 2 1 1
antarctic_sic_t_00179_date_01_08_1993 7960 3534 1567 95 58 48 43 31 27 23 18 13 13 12 8 8 5 3 3 2 2 1 1
antarctic_sic_t_00180_date_01_09_1993 7308 3419 1294 348 166 159 80 69 41 34 31 27 20 15 15 13 10 8 8 5 5 4 4 4 4 3 3 3 2 2 2 2 2 1 1 1 1
antarctic_sic_t_00181_date_01_10_1993 7954 3964 353 200 183 156 98 78 55 47 23 20 15 13 12 11 10 3 3 2 2 1 1 1
antarctic_sic_t_00182_date_01_11_1993 3381 2473 1997 485 139 108 47 44 43 42 40 39 39 33 23 18 9 9 6 5 1 1 1
antarctic_sic_t_00183_date_01_12_1993 1957 551 484 442 93 72 37 31 25 25 18 16 13 12 11 10 8 7 7 5 4 4 3 2 2 2 1 1 1 1
antarctic_sic_t_00184_date_01_01_1994 1389 377 337 297 93 73 62 36 30 18 17 11 9 9 7 4 3 2 1 1 1 1
antarctic_sic_t_00185_date_01_02_1994 1328 273 170 161 57 41 35 20 16 14 10 8 7 5 4 2 2 1 1
antarctic_sic_t_00186_date_01_03_1994 1554 133 81 76 44 24 21 15 15 6 4 3 1 1 1 1
antarctic_sic_t_00187_date_01_04_1994 2715 1108 63 27 26 24 23 23 21 20 17 15 12 5 3 3 2 1 1 1
antarctic_sic_t_00188_date_01_05_1994 4126 2581 282 164 148 106 78 44 17 12 7 5 2 1 1 1 1 1
antarctic_sic_t_00189_date_01_06_1994 6070 3157 446 223 211 128 111 102 53 38 4 3 3 2 1 1 1
antarctic_sic_t_00190_date_01_07_1994 7604 3560 421 401 212 189 185 157 136 55 53 11 7 6 4 4 3 2 1 1 1 1 1
antarctic_sic_t_00191_date_01_08_1994 9796 5580 126 72 21 20 17 10 7 4 3 2 1 1 1 1 1
antarctic_sic_t_00192_date_01_09_1994 6678 3598 982 418 55 38 16 12 10 7 7 6 6 5 5 5 3 3 1
antarctic_sic_t_00193_date_01_10_1994 7585 2662 778 281 205 192 127 80 41 26 22 16 12 7 5 4 4 4 3 3 3 2 2 2 1 1 1 1 1
antarctic_sic_t_00194_date_01_11_1994 5060 1564 1066 586 405 155 99 98 88 81 58 58 46 37 20 13 13 13 12 9 8 7 7 5 5 3 2 1 1 1 1 1 1
antarctic_sic_t_00195_date_01_12_1994 2695 1382 879 260 173 64 55 51 51 45 37 35 22 15 12 10 5 3 2 2 1
antarctic_sic_t_00196_date_01_01_1995 1194 510 422 175 66 61 49 41 38 36 36 34 29 20 16 11 8 7 7 4 4 4 2 2 2 1 1
antarctic_sic_t_00197_date_01_02_1995 503 243 192 55 46 44 39 37 37 21 16 16 12 12 12 5 4 4 2 2 1 1
antarctic_sic_t_00198_date_01_03_1995 918 234 197 59 36 29 29 20 13 4 3 3 1 1 1
antarctic_sic_t_00199_date_01_04_1995 2136 913 123 113 47 37 29 28 26 17 16 11 8 7 7 4 3 2 2 1 1 1 1 1
antarctic_sic_t_00200_date_01_05_1995 3467 2653 305 281 126 114 91 73 41 39 30 13 11 10 3 3 1 1 1
antarctic_sic_t_00201_date_01_06_1995 5926 2097 798 257 145 79 66 54 52 50 11 11 11 7 6 5 4 3 3 3 2 1 1
antarctic_sic_t_00202_date_01_07_1995 8282 1064 852 675 580 72 72 65 43 41 41 37 33 22 17 16 9 8 6 6 5 2 1 1 1
antarctic_sic_t_00203_date_01_08_1995 9917 1602 425 228 179 137 104 99 88 85 59 57 38 35 26 11 11 6 4 2 2 2 1 1
antarctic_sic_t_00204_date_01_09_1995 8729 2250 386 367 253 153 48 29 27 25 23 19 11 9 7 7 5 5 4 4 4 1 1 1 1 1 1 1
antarctic_sic_t_00205_date_01_10_1995 3690 2893 1530 651 377 89 55 37 31 19 16 15 12 11 8 5 4 2 2 2 2 1 1 1 1 1
antarctic_sic_t_00206_date_01_11_1995 3551 2788 906 736 278 136 86 58 40 34 26 25 22 22 16 13 9 6 5 4 2 1 1
antarctic_sic_t_00207_date_01_12_1995 1818 775 621 487 129 106 62 45 41 40 28 28 24 23 21 18 16 16 9 8 8 7 5 4 4 4 3 3 2 2 2 2 1 1 1
antarctic_sic_t_00208_date_01_01_1996 658 443 322 96 84 33 31 29 26 26 23 20 20 19 18 17 16 13 12 10 9 6 5 4 3 3 2 2 2 1 1 1 1 1
antarctic_sic_t_00209_date_01_02_1996 534 124 92 71 50 43 23 22 21 17 15 14 12 8 6 6 5 5 4 4 3 1 1
antarctic_sic_t_00210_date_01_03_1996 693 133 80 35 13 11 8 6 6 5 5 4 1
antarctic_sic_t_00211_date_01_04_1996 1390 1271 179 135 35 18 13 12 10 9 9 8 7 5 4 4 4
antarctic_sic_t_00212_date_01_05_1996 3574 3011 736 484 55 48 42 17 16 14 10 9 7 1
antarctic_sic_t_00213_date_01_06_1996 5907 3868 326 195 55 53 32 32 17 13 7 5 4 2
antarctic_sic_t_00214_date_01_07_1996 6137 5009 745 223 70 33 22 10 8 8 8 4 3
antarctic_sic_t_00215_date_01_08_1996 6821 2412 774 192 112 89 70 61 57 55 50 45 44 44 39 30 29 25 21 20 19 8 5 3 2 1
antarctic_sic_t_00216_date_01_09_1996 4880 4342 1306 349 306 211 123 61 55 46 46 45 24 22 9 6 3 3 2 2 1 1 1 1 1 1
antarctic_sic_t_00217_date_01_10_1996 5748 5078 405 383 176 120 109 45 18 12 5 4 2 2 1 1 1 1 1 1 1
antarctic_sic_t_00218_date_01_11_1996 3140 1577 916 455 285 161 150 82 77 73 40 38 36 25 17 16 4 3 2 2 1
antarctic_sic_t_00219_date_01_12_1996 1513 698 209 145 145 134 121 105 80 69 60 35 30 28 21 17 9 9 7 6 4 4 4 3 2 1 1 1
antarctic_sic_t_00220_date_01_01_1997 1420 257 126 71 58 51 44 37 31 23 21 15 14 10 9 9 9 7 7 5 3 3 2 2 2 1 1
antarctic_sic_t_00221_date_01_02_1997 1347 102 40 36 35 28 27 21 9 4 4 1 1 1
antarctic_sic_t_00222_date_01_03_1997 1377 66 16 10 2 2
antarctic_sic_t_00223_date_01_04_1997 1925 984 188 50 22 18 11 9 7 7 7 6 5 3 3 1 1 1
antarctic_sic_t_00224_date_01_05_1997 3011 2859 348 173 80 65 40 18 18 9 7 5 5 2 2 2 2 2 1 1
antarctic_sic_t_00225_date_01_06_1997 4848 3055 671 122 61 34 28 23 17 10 7 5 2 2 2 2 1 1 1 1 1 1
antarctic_sic_t_00226_date_01_07_1997 5961 3617 854 270 188 184 106 66 57 49 32 20 17 16 10 10 8 8 6 6 6 2 2 1
antarctic_sic_t_00227_date_01_08_1997 7685 3311 1270 213 212 130 35 23 11 10 6 5 4 4 3 2 2
antarctic_sic_t_00228_date_01_09_1997 9223 3070 400 373 217 149 22 15 11 9 3 3 2 1
antarctic_sic_t_00229_date_01_10_1997 10687 3627 328 84 25 22 11 11 9 7 4 4 2 1
antarctic_sic_t_00230_date_01_11_1997 3913 2212 777 391 345 118 115 110 103 83 47 45 39 39 36 26 12 5 4 4 3 1 1 1 1
antarctic_sic_t_00231_date_01_12_1997 1903 1417 561 130 125 56 47 38 18 17 15 13 9 8 8 3 3 3 3 1 1 1 1 1
antarctic_sic_t_00232_date_01_01_1998 911 777 365 146 75 58 49 46 42 34 22 21 19 11 10 9 9 6 5 5 4 3 2 2 1 1 1
antarctic_sic_t_00233_date_01_02_1998 445 231 160 140 83 45 40 26 24 10 10 5 2 2 2 2 1 1 1 1
antarctic_sic_t_00234_date_01_03_1998 509 177 134 55 53 39 29 20 7 7 3 1 1
antarctic_sic_t_00235_date_01_04_1998 1571 1164 233 181 93 69 57 29 29 12 9 8 7 6 6 6 3 3 2 1 1
antarctic_sic_t_00236_date_01_05_1998 2805 1842 553 345 71 43 40 39 31 27 20 13 12 11 11 9 9 7 2 2 1 1
antarctic_sic_t_00237_date_01_06_1998 4237 2877 685 655 201 161 79 71 35 15 6 4 4 4 2 2 2 1 1
antarctic_sic_t_00238_date_01_07_1998 5501 4367 1543 83 38 32 15 6 2 1 1
antarctic_sic_t_00239_date_01_08_1998 6455 5139 316 176 110 39 18 15 5 4 1 1 1 1 1
antarctic_sic_t_00240_date_01_09_1998 6326 5136 630 405 294 154 63 61 46 43 37 34 30 19 8 8 4 3 2 2 2 2 1 1
antarctic_sic_t_00241_date_01_10_1998 7685 5705 315 137 59 35 35 32 27 13 13 11 7 7 5 2 2 1 1 1
antarctic_sic_t_00242_date_01_11_1998 5035 1739 733 235 152 139 131 95 92 72 67 61 54 47 24 11 7 6 5 4 3 1 1 1
antarctic_sic_t_00243_date_01_12_1998 1258 345 337 328 201 201 156 120 69 57 48 36 31 29 19 17 15 13 7 5 5 4 3 2 2 2 1 1
antarctic_sic_t_00244_date_01_01_1999 863 330 145 127 101 91 87 75 57 35 32 30 12 10 10 9 9 9 8 6 6 5 2 2 1 1 1 1 1 1
antarctic_sic_t_00245_date_01_02_1999 646 204 65 42 42 41 37 23 22 10 7 3 1 1 1
antarctic_sic_t_00246_date_01_03_1999 675 105 29 19 18 14 14 10 2 2 1 1 1 1
antarctic_sic_t_00247_date_01_04_1999 1946 1146 34 31 26 18 12 11 11 11 10 9 8 7 7 6 5 4 4 2 1 1
antarctic_sic_t_00248_date_01_05_1999 3309 2057 497 384 213 132 105 105 73 30 18 9 7 6 5 3 1 1 1 1 1 1 1
antarctic_sic_t_00249_date_01_06_1999 4291 4012 498 263 185 91 79 50 27 27 21 18 15 7
antarctic_sic_t_00250_date_01_07_1999 8239 3252 473 369 105 87 68 34 33 18 17 13 9 4
antarctic_sic_t_00251_date_01_08_1999 6798 3996 1758 250 85 77 15 12 8 7 7 6 6 2 1 1 1
antarctic_sic_t_00252_date_01_09_1999 8261 2648 1779 380 109 36 15 15 9 5 2 1 1
antarctic_sic_t_00253_date_01_10_1999 7387 3517 458 320 212 160 133 48 13 11 8 7 5 5 5 5 3 3 2 2 2 1
antarctic_sic_t_00254_date_01_11_1999 2894 1433 1336 365 274 140 61 49 44 32 30 28 22 22 18 15 14 13 10 8 6 6 5 5 4 3 3 2 1 1 1 1
antarctic_sic_t_00255_date_01_12_1999 993 780 251 142 96 93 84 79 76 64 49 32 30 18 13 11 9 7 3 3 1 1 1
antarctic_sic_t_00256_date_01_01_2000 930 130 114 58 48 42 29 28 28 28 22 22 22 11 10 10 9 7 6 6 5 2 2 2 2 1 1 1
antarctic_sic_t_00257_date_01_02_2000 875 64 55 48 20 19 15 12 11 8 5 4 3 2 2 2 2
antarctic_sic_t_00258_date_01_03_2000 889 62 14 12 12 7 6 6 6 5 5 3 2
antarctic_sic_t_00259_date_01_04_2000 1516 1349 208 78 71 61 53 35 13 13 11 10 8 7 7 5 5 5 3 3 2 2 1 1
antarctic_sic_t_00260_date_01_05_2000 3378 2326 525 444 206 102 96 91 39 36 9 6 4 3 2 1
antarctic_sic_t_00261_date_01_06_2000 5624 3328 334 132 81 74 66 55 40 38 23 5 4 2 1 1
antarctic_sic_t_00262_date_01_07_2000 8347 3636 903 203 176 159 134 108 77 68 49 15 14 9 7 6 2 1 1
antarctic_sic_t_00263_date_01_08_2000 8472 3508 1597 1031 251 205 104 88 61 4 3 2 1 1 1
antarctic_sic_t_00264_date_01_09_2000 9106 3760 690 207 136 135 116 91 82 80 51 45 33 26 17 8 7 4 1 1 1 1
antarctic_sic_t_00265_date_01_10_2000 8333 3097 550 301 298 265 122 112 53 32 29 28 24 21 17 10 9 8 7 7 5 4 3 2 1 1
antarctic_sic_t_00266_date_01_11_2000 3669 2964 1250 688 247 205 135 111 83 48 32 32 23 23 17 13 11 9 7 7 7 7 6 5 4 3 3 2 2
antarctic_sic_t_00267_date_01_12_2000 1971 1897 466 351 173 122 53 41 34 30 26 26 20 19 14 8 7 3 3 2 2 1 1
antarctic_sic_t_00268_date_01_01_2001 1409 333 281 219 178 144 93 54 54 38 34 13 9 8 5 4 4 4 4 3 3 3 3 2 2 1 1 1 1
antarctic_sic_t_00269_date_01_02_2001 1036 220 188 125 83 77 69 41 40 27 6 6 3 2 1 1 1
antarctic_sic_t_00270_date_01_03_2001 1227 321 107 94 69 17 15 14 14 9 5 5 3 3 3 2 2 2 1 1
antarctic_sic_t_00271_date_01_04_2001 2370 1087 270 54 23 18 12 11 11 10 8 8 5 3 3 3 3 1 1
antarctic_sic_t_00272_date_01_05_2001 3065 2554 250 158 82 82 50 35 24 18 17 13 10 6 4 4 3 2 2 2 1 1 1 1 1
antarctic_sic_t_00273_date_01_06_2001 5113 2108 680 307 166 165 102 85 68 43 32 16 11 9 3 3 3 3 2 1 1 1 1 1 1 1
antarctic_sic_t_00274_date_01_07_2001 6810 2518 1143 441 107 81 69 68 52 38 34 22 22 21 19 16 11 7 6 4 3 2 2 1 1 1
antarctic_sic_t_00275_date_01_08_2001 9223 2556 481 220 108 106 36 24 24 12 11 8 3 3 2 1 1
antarctic_sic_t_00276_date_01_09_2001 8842 2945 1135 240 96 39 33 28 20 9 3 2 1 1 1
antarctic_sic_t_00277_date_01_10_2001 6292 3671 426 374 80 74 60 15 9 8 6 5 3 1 1 1 1 1
antarctic_sic_t_00278_date_01_11_2001 2532 2306 539 353 264 131 33 24 18 18 15 13 9 9 7 7 6 6 5 5 4 4 3 2 2 2 2 2 2 1 1 1 1 1 1
antarctic_sic_t_00279_date_01_12_2001 1356 201 192 120 108 98 73 73 61 36 34 33 22 20 19 16 15 13 12 10 8 7 3 3 3 2 2 1 1 1
antarctic_sic_t_00280_date_01_01_2002 1270 125 97 90 60 54 38 37 33 29 24 21 14 12 11 9 8 8 7 5 5 5 4 4 3 2 2 1 1 1 1 1 1 1
antarctic_sic_t_00281_date_01_02_2002 1194 43 29 21 19 19 18 15 8 8 5 4 3 2 2 2 1 1
antarctic_sic_t_00282_date_01_03_2002 1366 14 8 1
antarctic_sic_t_00283_date_01_04_2002 1878 485 34 25 11 4 3 1 1 1 1 1
antarctic_sic_t_00284_date_01_05_2002 2999 489 164 115 75 71 66 63 49 44 30 27 22 18 16 13 12 5 5 4 2 2 1 1 1 1
antarctic_sic_t_00285_date_01_06_2002 5000 922 575 532 362 287 173 138 88 75 48 43 39 21 8 8 7 7 7 7 6 6 2 2 1 1 1 1 1
antarctic_sic_t_00286_date_01_07_2002 7297 4142 1257 205 79 53 51 42 23 20 8 8 4 4 1 1 1 1 1
antarctic_sic_t_00287_date_01_08_2002 9081 4663 112 99 73 38 37 27 21 15 13 12 6 6 5 4 4 2 1 1 1
antarctic_sic_t_00288_date_01_09_2002 8381 3003 690 500 68 57 47 29 25 24 24 21 16 10 8 7 6 3 2 1 1 1 1
antarctic_sic_t_00289_date_01_10_2002 7852 1945 573 404 368 246 151 64 64 59 42 40 36 21 15 6 5 5 4 3 1 1 1 1 1 1 1
antarctic_sic_t_00290_date_01_11_2002 6549 2533 482 219 156 88 87 78 62 58 57 35 24 23 20 19 19 18 18 10 9 9 8 5 5 5 4 4 3 3 2 2 2 2 2 1 1
antarctic_sic_t_00291_date_01_12_2002 3455 966 413 367 217 140 116 81 52 48 28 23 20 14 13 12 12 12 5 5 4 3 1 1 1 1 1 1
antarctic_sic_t_00292_date_01_01_2003 2089 378 347 201 77 68 65 52 42 32 28 28 18 18 18 14 11 10 8 4 4 3 3 3 3 2 2 1 1
antarctic_sic_t_00293_date_01_02_2003 1350 245 237 114 39 28 26 26 24 20 20 17 16 5 4 3 2 2 2 1 1
antarctic_sic_t_00294_date_01_03_2003 1600 687 110 39 23 18 13 13 10 10 6 3 3 2 1 1
antarctic_sic_t_00295_date_01_04_2003 2524 2077 36 17 15 9 8 4 3 3 3 1 1 1
antarctic_sic_t_00296_date_01_05_2003 3505 3195 343 77 38 31 31 28 23 19 18 15 11 8 7 7 4 3 3 3 2 1 1 1
antarctic_sic_t_00297_date_01_06_2003 6210 2798 394 367 290 188 139 88 79 46 17 12 9 9 4 4 3 2 1 1 1 1 1 1
antarctic_sic_t_00298_date_01_07_2003 7116 4854 413 173 75 53 34 31 23 21 20 15 9 8 8 4 3 2 2 1 1 1
antarctic_sic_t_00299_date_01_08_2003 6496 3985 636 243 236 173 129 118 56 40 22 22 11 10 8 7 5 5 5 4 3 2 1 1
antarctic_sic_t_00300_date_01_09_2003 7487 2190 669 546 403 91 87 83 48 22 13 9 8 6 5 5 4 4 3 3 1 1 1 1 1
antarctic_sic_t_00301_date_01_10_2003 4236 2404 2053 521 372 275 264 159 109 33 26 25 22 21 20 17 13 12 6 5 5 5 4 3 3 1 1
antarctic_sic_t_00302_date_01_11_2003 2610 718 688 608 381 319 153 123 103 63 54 47 42 40 37 33 32 31 26 18 14 13 11 10 9 5 4 4 4 4 4 4 3 3 2 1 1 1 1 1 1
antarctic_sic_t_00303_date_01_12_2003 2461 1714 558 264 130 115 70 32 32 16 6 6 5 5 3 2 1 1
antarctic_sic_t_00304_date_01_01_2004 1651 308 300 268 94 48 47 39 28 18 15 10 9 8 8 4 4 4 2 2 2 2 2 1 1 1 1 1 1
antarctic_sic_t_00305_date_01_02_2004 1336 160 120 94 43 26 20 18 14 9 2 1 1 1 1
antarctic_sic_t_00306_date_01_03_2004 1270 193 70 70 60 40 23 19 18 14 8 7 6 5 3 3 2 2 2 1 1
antarctic_sic_t_00307_date_01_04_2004 1670 1300 26 11 8 7 6 4 4 3 2 2 1 1
antarctic_sic_t_00308_date_01_05_2004 3667 2996 152 114 82 73 69 66 26 18 17 16 16 14 6 4 4 3 2 1 1 1 1
antarctic_sic_t_00309_date_01_06_2004 5406 2026 678 325 132 78 56 49 43 39 38 26 24 8 4 3 2 1 1
antarctic_sic_t_00310_date_01_07_2004 7944 1717 873 466 248 108 78 77 74 73 71 63 23 20 19 14 5 4 3 2 1
antarctic_sic_t_00311_date_01_08_2004 9913 1910 543 472 386 86 46 36 8 7 6 3 1 1
antarctic_sic_t_00312_date_01_09_2004 7140 1762 1012 463 387 140 140 120 75 64 26 13 10 8 7 5 2 1 1
antarctic_sic_t_00313_date_01_10_2004 3085 2859 2536 496 437 135 104 98 83 80 51 44 28 26 12 10 9 9 6 5 5 5 5 4 3 3 2 2 2 1 1 1 1 1
antarctic_sic_t_00314_date_01_11_2004 2084 1608 1159 541 315 172 157 118 111 74 35 34 32 28 22 20 18 15 15 12 11 11 11 10 10 9 8 7 7 5 5 5 5 5 4 4 2 2 2 2 1 1 1 1 1
antarctic_sic_t_00315_date_01_12_2004 1736 813 604 287 247 105 88 73 62 60 42 40 32 28 20 16 9 7 7 5 4 4 3 3 2 2 1 1 1 1
antarctic_sic_t_00316_date_01_01_2005 1230 556 372 117 91 50 47 41 40 38 37 33 27 12 11 10 10 10 8 7 4 4 3 2 2 1 1 1 1
antarctic_sic_t_00317_date_01_02_2005 1109 151 49 38 37 36 28 19 17 15 15 14 12 12 11 7 7 6 5 4 4 2 2 2 2 1 1 1 1
antarctic_sic_t_00318_date_01_03_2005 1268 39 36 22 15 6 5 5 4 4 2 1 1 1
antarctic_sic_t_00319_date_01_04_2005 1832 1165 198 27 26 22 15 13 10 8 5 5 3 2 2 1 1 1
antarctic_sic_t_00320_date_01_05_2005 2388 2175 337 242 159 92 70 63 57 35 33 32 31 18 17 6 5 4 3 3 2 2 2 2 1 1 1 1
antarctic_sic_t_00321_date_01_06_2005 5439 1289 413 324 103 75 73 56 41 26 14 8 8 5 4 4 3 3 2 2 1 1 1 1 1 1
antarctic_sic_t_00322_date_01_07_2005 6975 1911 600 432 377 157 72 59 43 41 36 27 12 12 12 7 4 4 2 2 1
antarctic_sic_t_00323_date_01_08_2005 7721 1499 950 243 243 149 70 37 30 21 10 9 6 5 4 4 3 3 2 2 2
antarctic_sic_t_00324_date_01_09_2005 10135 3417 354 292 126 103 16 15 12 12 2 2 2 1 1 1 1 1
antarctic_sic_t_00325_date_01_10_2005 8003 3235 258 138 90 77 68 64 37 33 32 22 21 20 11 7 6 6 5 5 5 2 2 1 1
antarctic_sic_t_00326_date_01_11_2005 2963 1387 941 824 451 447 155 144 108 95 68 57 57 34 30 26 22 19 18 14 5 3 2 2 2 1 1 1 1 1 1
antarctic_sic_t_00327_date_01_12_2005 1412 901 466 228 151 145 135 72 33 33 28 22 16 15 12 11 5 4 3 2 1 1
antarctic_sic_t_00328_date_01_01_2006 1171 283 282 155 141 97 83 67 35 35 24 17 9 8 6 5 4 4 3 2 2 2 2 2 1 1 1 1 1 1
antarctic_sic_t_00329_date_01_02_2006 727 195 128 36 35 23 19 18 17 15 14 7 4 3 1 1 1 1 1 1 1 1
antarctic_sic_t_00330_date_01_03_2006 215 127 101 92 61 60 15 12 9 8 6 5 4 4 2 1 1 1
antarctic_sic_t_00331_date_01_04_2006 1186 715 68 27 21 19 16 15 13 12 9 6 6 5 5 4 4 2 1 1 1 1
antarctic_sic_t_00332_date_01_05_2006 2026 1818 455 336 69 46 30 22 21 20 13 11 8 8 5 1 1 1 1 1 1
antarctic_sic_t_00333_date_01_06_2006 5749 2715 872 353 96 20 7 7 1
antarctic_sic_t_00334_date_01_07_2006 7679 2394 1742 257 131 108 78 56 43 39 11 10 9 9 7 2 1 1
antarctic_sic_t_00335_date_01_08_2006 10306 4582 204 110 76 66 65 24 23 23 20 12 10 6 4 3 2 2 1 1
antarctic_sic_t_00336_date_01_09_2006 10934 3607 550 120 54 34 33 27 14 14 12 10 7 4 3 3 3 1 1
antarctic_sic_t_00337_date_01_10_2006 8846 3595 801 571 216 131 125 90 37 28 26 19 17 17 14 11 9 7 6 4 4 3 3 3 1 1 1 1 1 1
antarctic_sic_t_00338_date_01_11_2006 1630 1340 1330 1179 425 189 129 117 83 64 41 31 20 19 15 13 11 8 8 6 5 4 3 3 3 2 2 2 2 1 1 1 1 1 1
antarctic_sic_t_00339_date_01_12_2006 1594 723 406 152 104 100 69 65 50 50 19 13 13 12 11 11 10 9 6 6 5 4 4 4 3 3 3 2 1 1
antarctic_sic_t_00340_date_01_01_2007 1223 333 181 94 59 57 56 50 39 31 18 15 13 12 10 7 5 5 4 3 2 1
antarctic_sic_t_00341_date_01_02_2007 1099 221 174 41 34 26 23 14 14 10 7 7 5 3 3 2 2 2 1 1 1
antarctic_sic_t_00342_date_01_03_2007 1270 47 20 14 5 5 4 3 2 1
antarctic_sic_t_00343_date_01_04_2007 1682 648 236 28 27 20 15 15 4 4 2 2 1 1 1
antarctic_sic_t_00344_date_01_05_2007 3664 2947 60 39 37 23 15 11 10 9 8 7 6 5 4 3 2 1
antarctic_sic_t_00345_date_01_06_2007 4934 2896 463 259 136 80 57 54 26 22 15 5 4 4 2 1 1 1 1 1 1 1 1
antarctic_sic_t_00346_date_01_07_2007 8205 2001 531 214 204 143 141 129 119 117 76 27 9 9 8 3 1
antarctic_sic_t_00347_date_01_08_2007 8105 2339 1526 736 415 367 179 36 28 24 19 14 14 10 6 4 3 3 3 3 2 2 1 1 1
antarctic_sic_t_00348_date_01_09_2007 12385 5399 84 30 27 6 2 1 1
antarctic_sic_t_00349_date_01_10_2007 9487 4686 394 201 168 163 82 8 7 7 6 5 5 4 2 1
antarctic_sic_t_00350_date_01_11_2007 7116 4175 185 179 152 136 130 85 53 49 18 9 8 7 6 5 4 1
antarctic_sic_t_00351_date_01_12_2007 1696 1123 738 189 183 167 157 133 47 46 41 38 37 27 25 13 12 10 10 9 7 7 6 6 5 3 2 2 1 1 1 1 1
antarctic_sic_t_00352_date_01_01_2008 1163 377 290 214 99 97 90 80 70 62 22 17 16 13 9 7 6 5 3 2 1
antarctic_sic_t_00353_date_01_02_2008 980 179 115 81 79 69 40 28 25 21 18 16 14 14 8 4 4 3 3 2 1 1
antarctic_sic_t_00354_date_01_03_2008 1609 320 240 33 15 14 12 11 11 10 8 8 4 3 2 2 1 1 1
antarctic_sic_t_00355_date_01_04_2008 2787 1634 140 43 28 27 24 16 13 10 9 9 8 4 4 1
antarctic_sic_t_00356_date_01_05_2008 3528 2027 487 318 51 44 41 41 34 24 23 16 11 5 4 1
antarctic_sic_t_00357_date_01_06_2008 6510 3741 1187 223 106 65 58 48 36 35 18 13 8 4 2 1
antarctic_sic_t_00358_date_01_07_2008 6257 4337 1188 334 195 162 146 143 127 11 7 1 1
antarctic_sic_t_00359_date_01_08_2008 8953 3948 261 106 84 44 32 21 8 5 4 4 2 1 1
antarctic_sic_t_00360_date_01_09_2008 8229 4466 1237 92 79 68 36 24 23 19 16 7 6 6 3 3 3 1 1
antarctic_sic_t_00361_date_01_10_2008 7872 5487 1044 125 60 43 16 7 4 1
antarctic_sic_t_00362_date_01_11_2008 4517 3508 374 64 42 35 16 13 13 13 10 9 8 8 6 6 5 4 2 1
antarctic_sic_t_00363_date_01_12_2008 1582 1184 210 193 79 53 49 24 21 18 15 14 9 8 8 7 4 4 3 3 2 2 2 2 1 1 1 1
antarctic_sic_t_00364_date_01_01_2009 1357 469 86 84 72 51 33 29 25 23 22 15 13 12 10 8 8 7 4 4 3 3 1 1
antarctic_sic_t_00365_date_01_02_2009 1288 328 52 43 40 17 3 3 3 3 1 1 1
antarctic_sic_t_00366_date_01_03_2009 1539 73 20 13 12 7 5 5 1
antarctic_sic_t_00367_date_01_04_2009 2388 2068 88 37 25 13 10 6 6 4 4 1 1 1
antarctic_sic_t_00368_date_01_05_2009 3231 2474 160 150 113 110 97 66 66 47 36 27 25 19 13 8 8 5 4 1
antarctic_sic_t_00369_date_01_06_2009 4987 4082 665 170 156 139 78 50 43 34 32 20 15 11 5 3 3 1 1
antarctic_sic_t_00370_date_01_07_2009 6818 3321 1201 1150 399 136 37 31 26 25 14 11 10 9 6 5 4 2 2 1
antarctic_sic_t_00371_date_01_08_2009 10077 2731 108 88 54 44 40 34 30 22 12 10 10 9 8 6 3 3 2 2 1 1 1 1 1
antarctic_sic_t_00372_date_01_09_2009 10448 3353 470 105 77 70 56 53 44 9 7 6 6 5 4 3 3 3 3 2 1 1
antarctic_sic_t_00373_date_01_10_2009 7765 3899 527 248 234 212 96 28 7 3 2 1 1 1 1 1
antarctic_sic_t_00374_date_01_11_2009 4022 1565 1005 369 188 168 152 122 88 65 61 60 36 26 11 11 11 7 5 5 4 2 1 1
antarctic_sic_t_00375_date_01_12_2009 2044 912 596 442 197 75 39 30 17 13 12 11 9 8 8 4 2 1
antarctic_sic_t_00376_date_01_01_2010 1674 283 225 174 109 69 54 53 25 18 18 14 8 7 6 6 4 3 3 2 1
antarctic_sic_t_00377_date_01_02_2010 1497 170 47 42 35 27 25 19 18 9 4 4 3 3 2 2 1 1
antarctic_sic_t_00378_date_01_03_2010 1645 33 13 7 6 5 5 4 4 4 3 3 3
antarctic_sic_t_00379_date_01_04_2010 1906 1423 61 54 19 17 14 13 7 6 4 2 1 1
antarctic_sic_t_00380_date_01_05_2010 3421 2782 434 153 128 62 47 10 8 3 1 1 1
antarctic_sic_t_00381_date_01_06_2010 5414 4538 713 257 115 79 47 21 4 2 1
antarctic_sic_t_00382_date_01_07_2010 7426 4312 1246 206 194 102 55 25 12 11 6 4 4 2 1 1 1
antarctic_sic_t_00383_date_01_08_2010 8081 4846 396 386 232 180 137 114 109 66 39 33 15 10 4 2 1 1
antarctic_sic_t_00384_date_01_09_2010 6779 2868 311 183 148 126 121 94 86 77 22 22 15 14 12 3 1 1 1 1 1
antarctic_sic_t_00385_date_01_10_2010 4323 4113 1859 609 282 139 91 66 64 63 39 11 9 5 2 1
antarctic_sic_t_00386_date_01_11_2010 2279 1509 752 743 619 240 181 121 98 34 25 12 9 8 5 3 2 2 2 2 2 1 1
antarctic_sic_t_00387_date_01_12_2010 1349 641 623 515 135 104 37 16 10 7 6 5 5 4 4 3 2 1
antarctic_sic_t_00388_date_01_01_2011 1474 481 371 205 100 82 37 25 15 10 8 5 4 3 3 3 1 1 1 1
antarctic_sic_t_00389_date_01_02_2011 1218 306 109 94 68 43 32 27 14 6 5 3 2 1 1 1 1 1
antarctic_sic_t_00390_date_01_03_2011 1212 114 59 52 35 15
antarctic_sic_t_00391_date_01_04_2011 1539 126 114 106 87 40 38 34 21 18 18 6 5 4 4 4 4 3 2 1 1 1 1
antarctic_sic_t_00392_date_01_05_2011 2630 1990 471 351 273 97 89 62 36 29 25 24 19 16 10 6 4 2 2 1 1
antarctic_sic_t_00393_date_01_06_2011 4526 3519 652 212 162 114 41 26 22 22 10 6 4 4 2 1 1
antarctic_sic_t_00394_date_01_07_2011 5722 2713 298 195 75 64 53 49 48 47 39 35 30 24 18 12 9 8 7 6 6 5 3 3 2 2 1 1 1 1 1 1
antarctic_sic_t_00395_date_01_08_2011 7644 3100 236 232 172 119 106 68 59 34 22 21 12 12 12 11 8 7 7 6 4 4 2 1 1
antarctic_sic_t_00396_date_01_09_2011 7390 2124 760 176 154 95 86 60 60 56 46 32 31 28 17 17 15 12 10 9 8 8 7 6 5 5 4 3 3 1 1 1 1
antarctic_sic_t_00397_date_01_10_2011 7929 2088 772 463 347 254 113 86 56 35 32 32 30 25 25 21 14 14 11 7 5 5 3 2 2 1 1 1 1 1
antarctic_sic_t_00398_date_01_11_2011 3938 1571 794 461 323 239 191 90 90 60 59 56 42 39 32 30 26 17 14 14 13 12 12 9 6 6 5 4 4 3 3 3 2 2 2 2 1 1 1
antarctic_sic_t_00399_date_01_12_2011 1647 886 690 343 98 34 29 19 18 12 12 12 9 9 8 4 3 3 3 2 2 1 1 1 1 1
antarctic_sic_t_00400_date_01_01_2012 1413 517 202 128 95 78 59 42 41 33 23 18 17 15 11 7 7 6 5 4 2 1 1
antarctic_sic_t_00401_date_01_02_2012 948 71 62 55 35 28 26 16 14 12 8 5 5 5 5 4 4 3 3 2 1
antarctic_sic_t_00402_date_01_03_2012 955 84 40 10 10 9 4 3 3 1 1
antarctic_sic_t_00403_date_01_04_2012 2415 1435 81 73 66 28 24 17 8 8 8 8 6 3 3 2 2 1 1
antarctic_sic_t_00404_date_01_05_2012 4434 2328 176 104 35 35 29 28 25 24 22 14 13 9 8 6 4 4 4 3 3 2 1
antarctic_sic_t_00405_date_01_06_2012 5192 2333 662 292 210 136 63 44 40 34 22 13 13 12 11 9 7 6 5 4 4 3 3 2 2 1 1
antarctic_sic_t_00406_date_01_07_2012 8384 3829 697 648 447 245 99 51 38 14 9 4 2 1 1 1 1
antarctic_sic_t_00407_date_01_08_2012 9776 4611 67 57 17 15 10 8 7 4 1 1 1
antarctic_sic_t_00408_date_01_09_2012 10458 3933 537 269 90 76 10 6 4 4 2 1
antarctic_sic_t_00409_date_01_10_2012 7966 3819 623 462 50 12 10 8 7 5 5 1 1 1
antarctic_sic_t_00410_date_01_11_2012 3083 1957 1867 1560 397 374 221 164 35 33 18 17 17 12 9 8 3 1 1
antarctic_sic_t_00411_date_01_12_2012 2066 1188 1033 363 266 212 105 64 38 31 28 25 22 18 10 10 9 7 4 3 3 2 1 1 1 1
