0 34.63552 50.37604 69.33972 103.1244 93.92018 56.83539 96.29772 117.9867 126.5551 130.1312 136.9325 54.20127 140.9369 64.53681 153.8214 80.06248 83.05265 167.3045 150.9208 204.374 181.5451 192.1947 227.8612 219.714
34.63552 0 16.37945 37.73803 71.30536 61.72869 49.04577 63.9494 85.65933 94.15881 97.76675 104.3045 25.66412 108.3041 75.66741 120.4635 82.43251 81.32086 133.099 133.2207 169.8303 152.9958 163.9551 195.5264 190.0184
50.37604 16.37945 0 22.18677 55.17606 45.54037 58.07568 47.70991 69.36999 77.84642 81.45534 87.95394 25.84672 91.95098 89.03078 104.093 92.92002 90.35958 116.9655 132.7811 155.0142 144.8443 155.9466 183.7232 180.6408
69.33972 37.73803 22.18677 0 33.87904 24.58059 78.69163 26.96829 48.65056 57.21805 60.7984 67.59605 44.10936 71.59956 111.0409 84.73473 113.781 110.4434 99.52465 143.916 141.9601 145.3799 156.5141 177.2547 178.6155
103.1244 71.30536 55.17606 33.87904 0 9.692747 107.0578 7.855383 15.08378 23.59071 27.10814 34.08884 71.85091 38.05714 141.9818 52.03879 141.7779 137.0223 68.99191 155.1534 116.5231 140.3907 151.1051 160.5359 168.5188
93.92018 61.72869 45.54037 24.58059 9.692747 0 97.67666 2.5 24.07955 32.64353 36.23017 43.01744 62.41884 47.02009 132.3707 60.3685 132.5028 127.9441 76.14113 149.2037 121.5927 138.6624 149.5571 162.5878 168.4617
56.83539 49.04577 58.07568 78.69163 107.0578 97.67666 0 99.21215 118.7244 126.3315 129.7665 135.025 35.28211 138.7463 37.79525 147.4046 35.10192 32.44548 154.3489 94.52384 178.2095 133.9196 143.7587 187.6585 173.1555
96.29772 63.9494 47.70991 26.96829 7.855383 2.5 99.21215 0 21.75305 30.30264 33.89875 40.63558 63.99761 44.64085 134.1464 57.90133 133.9561 129.2614 73.64366 149.1808 119.2328 137.4635 148.3208 160.644 166.9091
117.9867 85.65933 69.36999 48.65056 15.08378 24.07955 118.7244 21.75305 0 8.568816 12.15069 19.02214 83.92042 23.00577 154.5649 37.05108 152.9486 147.593 54.76452 158.8162 104.125 137.0796 147.4238 151.6143 162.4876
126.5551 94.15881 77.84642 57.21805 23.59071 32.64353 126.3315 30.30264 8.568816 0 3.609016 10.5119 91.7568 14.46682 162.4722 28.92673 160.3053 154.7102 47.58017 162.6674 98.32535 137.1984 147.2729 148.1454 160.8466
130.1312 97.76675 81.45534 60.7984 27.10814 36.23017 129.7665 33.89875 12.15069 3.609016 0 7.150175 95.25704 11.0082 165.9808 25.84492 163.6647 157.9997 45.05937 164.8369 96.43943 137.9303 147.8828 147.3142 160.8136
136.9325 104.3045 87.95394 67.59605 34.08884 43.01744 135.025 40.63558 19.02214 10.5119 7.150175 0 100.8445 4.006938 171.559 18.77447 168.5957 162.6772 38.48124 166.393 90.5493 136.419 146.1132 142.95 157.813
54.20127 25.66412 25.84672 44.10936 71.85091 62.41884 35.28211 63.99761 83.92042 91.7568 95.25704 100.8445 0 104.6672 70.73032 114.3944 70.26458 66.41558 123.4753 108.3523 153.8568 128.3249 139.1747 173.7399 165.9701
140.9369 108.3041 91.95098 71.59956 38.05714 47.02009 138.7463 44.64085 23.00577 14.46682 11.0082 4.006938 104.6672 0 175.365 15.41807 172.2069 166.205 35.74019 168.627 88.33202 137.0894 146.6255 141.8338 157.5774
64.53681 75.66741 89.03078 111.0409 141.9818 132.3707 37.79525 134.1464 154.5649 162.4722 165.9808 171.559 70.73032 175.365 0 184.6423 22.56103 31.02979 192.0863 110.8403 215.2097 163.1633 172.0343 220.4491 202.3193
153.8214 120.4635 104.093 84.73473 52.03879 60.3685 147.4046 57.90133 37.05108 28.92673 25.84492 18.77447 114.3944 15.41807 184.6423 0 179.878 173.2956 20.92169 168.6532 74.08749 130.9343 139.8386 129.9635 148.2216
80.06248 82.43251 92.92002 113.781 141.7779 132.5028 35.10192 133.9561 152.9486 160.3053 163.6647 168.5957 70.26458 172.2069 22.56103 179.878 0 9.725456 184.9788 88.73891 203.0678 144.2195 152.5592 203.2228 183.044
83.05265 81.32086 90.35958 110.4434 137.0223 127.9441 32.44548 129.2614 147.593 154.7102 157.9997 162.6772 66.41558 166.205 31.02979 173.2956 9.725456 0 177.6246 79.81049 194.2999 134.4941 142.8449 193.5776 173.3245
167.3045 133.099 116.9655 99.52465 68.99191 76.14113 154.3489 73.64366 54.76452 47.58017 45.05937 38.48124 123.4753 35.74019 192.0863 20.92169 184.9788 177.6246 0 163.2702 53.22298 118.0968 126.0887 110.6378 131.3718
150.9208 133.2207 132.7811 143.916 155.1534 149.2037 94.52384 149.1808 158.8162 162.6674 164.8369 166.393 108.3523 168.627 110.8403 168.6532 88.73891 79.81049 163.2702 0 156.7995 70.64151 74.93118 133.0818 104.2996
204.374 169.8303 155.0142 141.9601 116.5231 121.5927 178.2095 119.2328 104.125 98.32535 96.43943 90.5493 153.8568 88.33202 215.2097 74.08749 203.0678 194.2999 53.22298 156.7995 0 94.22297 98.21937 63.03253 92.16719
181.5451 152.9958 144.8443 145.3799 140.3907 138.6624 133.9196 137.4635 137.0796 137.1984 137.9303 136.419 128.3249 137.0894 163.1633 130.9343 144.2195 134.4941 118.0968 70.64151 94.22297 0 11.15059 62.57716 39.30217
192.1947 163.9551 155.9466 156.5141 151.1051 149.5571 143.7587 148.3208 147.4238 147.2729 147.8828 146.1132 139.1747 146.6255 172.0343 139.8386 152.5592 142.8449 126.0887 74.93118 98.21937 11.15059 0 58.98298 30.55402
227.8612 195.5264 183.7232 177.2547 160.5359 162.5878 187.6585 160.644 151.6143 148.1454 147.3142 142.95 173.7399 141.8338 220.4491 129.9635 203.2228 193.5776 110.6378 133.0818 63.03253 62.57716 58.98298 0 36.753
219.714 190.0184 180.6408 178.6155 168.5188 168.4617 173.1555 166.9091 162.4876 160.8466 160.8136 157.813 165.9701 157.5774 202.3193 148.2216 183.044 173.3245 131.3718 104.2996 92.16719 39.30217 30.55402 36.753 0
