0 17.1302 109.8704 33.84969 142.8643 48.2024 67.3326 141.8243 86.31292 134.5669 150.2603 96.77902 114.482 158.7782 151.1082 122.0279 164.9138 128.3768 160.0606 137.2206 178.0172 146.6307 166.9833 185.9028 167.4537 170.4676 186.806 174.0921
17.1302 0 123.7697 16.72737 157.6826 31.53073 51.59698 153.9647 70.95989 145.727 160.3447 82.47048 100.4493 166.8299 158.8835 109.332 170.1222 116.2641 166.1638 125.9607 183.8156 136.6262 167.3713 189.2949 162.706 169.3055 188.1991 172.5488
109.8704 123.7697 0 137.6768 35.92848 146.0958 155.9946 37.4345 168.6119 38.18707 57.34998 170.7146 182.942 77.58271 73.95442 180.7645 101.268 182.1894 91.74875 183.8913 107.3265 183.5318 134.3352 129.1682 167.0495 146.7647 142.792 151.8834
33.84969 16.72737 137.6768 0 172.2384 15.82846 37.00071 166.2053 56.53073 157.1655 170.7378 69.24255 87.32175 175.3537 167.2199 97.6843 176.0117 105.2047 172.914 115.7514 190.1466 127.6815 168.7156 193.3267 159.0019 169.1183 190.3295 171.9549
142.8643 157.6826 35.92848 172.2384 0 181.354 191.8033 38.32399 204.5403 49.48564 63.20796 206.525 218.4642 86.68428 86.48239 215.7386 115.4306 216.7647 105.2821 217.7804 117.0872 216.341 155.9696 142.7421 194.4126 169.8958 159.9356 175.0327
48.2024 31.53073 146.0958 15.82846 181.354 0 21.33365 172.3109 40.80681 162.389 174.6641 53.93349 71.96756 177.2101 168.9445 83.03744 175.1607 90.85803 172.953 101.867 189.6313 114.5575 163.6062 190.5347 149.6129 162.6348 185.7742 165.0924
67.3326 51.59698 155.9946 37.00071 191.8033 21.33365 0 178.7923 19.53611 167.8155 178.1942 32.78741 50.73639 177.927 169.5931 62.48761 172.2546 70.62511 171.277 82.13854 187.0061 95.71283 155.0792 184.829 135.4342 152.2511 177.7403 154.1653
141.8243 153.9647 37.4345 166.2053 38.32399 172.3109 178.7923 0 188.5655 13.65284 25.06156 187.9388 197.5245 48.45334 48.22551 192.4139 77.14727 192.1413 66.9944 191.3816 78.98935 187.8289 118.9301 104.4201 160.0365 133.3222 121.7863 138.42
86.31292 70.95989 168.6119 56.53073 204.5403 40.80681 19.53611 188.5655 0 176.859 185.5673 15.03464 32.01173 182.9021 174.6115 45.41675 174.0486 54.03888 174.2086 66.25351 188.8802 81.01255 151.6699 183.8227 126.1753 146.9527 174.522 148.2586
134.5669 145.727 38.18707 157.1655 49.48564 162.389 167.8155 13.65284 176.859 0 19.22389 175.6937 184.8207 40.19091 38.05916 179.3465 66.82458 178.9 56.78248 177.944 70.63808 174.2327 106.5578 94.60155 146.6856 120.6731 110.7895 125.7955
150.2603 160.3447 57.34998 170.7378 63.20796 174.6641 178.1942 25.06156 185.5673 19.22389 0 182.9551 190.4991 23.48463 24.52692 183.5221 52.89137 182.1564 42.7846 179.8678 53.93568 174.4626 96.99614 79.68671 141.102 111.9307 97.80107 116.9266
96.77902 82.47048 170.7146 69.24255 206.525 53.93349 32.78741 187.9388 15.03464 175.6937 182.9551 0 18.08149 178.4314 170.2374 30.40665 167.3215 39.0045 168.2904 51.24483 182.1065 66.16932 141.694 175.1403 113.1559 135.8907 164.5088 136.8431
114.482 100.4493 182.942 87.32175 218.4642 71.96756 50.73639 197.5245 32.01173 184.8207 190.4991 18.08149 0 183.8828 175.8752 16.1729 170.0121 24.89063 172.0358 37.55099 184.6012 53.57904 139.8429 174.9749 105.7784 132.2241 162.3397 132.5058
158.7782 166.8299 77.58271 175.3537 86.68428 177.2101 177.927 48.45334 182.9021 40.19091 23.48463 178.4314 183.8828 0 8.333984 175.1875 30.1149 172.7657 20.36073 168.9946 30.6319 161.8123 76.41249 56.2658 123.1791 91.74385 74.96372 96.56559
151.1082 158.8835 73.95442 167.2199 86.48239 168.9445 169.5931 48.22551 174.6115 38.05916 24.52692 170.2374 175.8752 8.333984 0 167.3845 28.95547 165.1197 18.82153 161.6096 33.41416 154.8074 72.61481 56.56481 117.8997 87.68409 73.5973 92.63369
122.0279 109.332 180.7645 97.6843 215.7386 83.03744 62.48761 192.4139 45.41675 179.3465 183.5221 30.40665 16.1729 175.1875 167.3845 0 159.346 8.866498 162.1117 21.52418 173.7115 37.42771 126.5641 162.4443 90.28758 118.0691 148.7645 118.0408
164.9138 170.1222 101.268 176.0117 115.4306 175.1607 172.2546 77.14727 174.0486 66.82458 52.89137 167.3215 170.0121 30.1149 28.95547 159.346 0 155.6572 10.15374 150.1253 14.83169 140.9027 47.74632 27.95074 96.69074 63.23851 44.93508 67.81219
128.3768 116.2641 182.1894 105.2047 216.7647 90.85803 70.62511 192.1413 54.03888 178.9 182.1564 39.0045 24.89063 172.7657 165.1197 8.866498 155.6572 0 158.9213 12.67663 169.8259 28.72103 121.0452 157.403 82.82962 111.8428 142.9419 111.538
160.0606 166.1638 91.74875 172.914 105.2821 172.953 171.277 66.9944 174.2086 56.78248 42.7846 168.2904 172.0358 20.36073 18.82153 162.1117 10.15374 158.9213 0 154.099 18.11918 145.7223 56.28537 37.83455 104.0504 71.70251 55.01647 76.44769
137.2206 125.9607 183.8913 115.7514 217.7804 101.867 82.13854 191.3816 66.25351 177.944 179.8678 51.24483 37.55099 168.9946 161.6096 21.52418 150.1253 12.67663 154.099 0 163.9478 16.24112 112.9999 149.8919 72.06469 102.79 134.3437 102.0707
178.0172 183.8156 107.3265 190.1466 117.0872 189.6313 187.0061 78.98935 188.8802 70.63808 53.93568 182.1065 184.6012 30.6319 33.41416 173.7115 14.83169 169.8259 18.11918 163.9478 0 154.2075 57.5372 27.6872 107.622 72.76679 48.90722 76.88965
146.6307 136.6262 183.5318 127.6815 216.341 114.5575 95.71283 187.8289 81.01255 174.2327 174.4626 66.16932 53.57904 161.8123 154.8074 37.42771 140.9027 28.72103 145.7223 16.24112 154.2075 0 101.0117 138.2741 57.19511 89.67296 121.5374 88.4652
166.9833 167.3713 134.3352 168.7156 155.9696 163.6062 155.0792 118.9301 151.6699 106.5578 96.99614 141.694 139.8429 76.41249 72.61481 126.5641 47.74632 121.0452 56.28537 112.9999 57.5372 101.0117 0 37.34249 50.26459 15.49235 22.85396 20.16326
185.9028 189.2949 129.1682 193.3267 142.7421 190.5347 184.829 104.4201 183.8227 94.60155 79.68671 175.1403 174.9749 56.2658 56.56481 162.4443 27.95074 157.403 37.83455 149.8919 27.6872 138.2741 37.34249 0 86.67197 50.76124 22.10239 53.95672
167.4537 162.706 167.0495 159.0019 194.4126 149.6129 135.4342 160.0365 126.1753 146.6856 141.102 113.1559 105.7784 123.1791 117.8997 90.28758 96.69074 82.82962 104.0504 72.06469 107.622 57.19511 50.26459 86.67197 0 35.91489 67.24008 33.23183
170.4676 169.3055 146.7647 169.1183 169.8958 162.6348 152.2511 133.3222 146.9527 120.6731 111.9307 135.8907 132.2241 91.74385 87.68409 118.0691 63.23851 111.8428 71.70251 102.79 72.76679 89.67296 15.49235 50.76124 35.91489 0 31.9345 5.147815
186.806 188.1991 142.792 190.3295 159.9356 185.7742 177.7403 121.7863 174.522 110.7895 97.80107 164.5088 162.3397 74.96372 73.5973 148.7645 44.93508 142.9419 55.01647 134.3437 48.90722 121.5374 22.85396 22.10239 67.24008 31.9345 0 34.00827
174.0921 172.5488 151.8834 171.9549 175.0327 165.0924 154.1653 138.42 148.2586 125.7955 116.9266 136.8431 132.5058 96.56559 92.63369 118.0408 67.81219 111.538 76.44769 102.0707 76.88965 88.4652 20.16326 53.95672 33.23183 5.147815 34.00827 0
