0 62.39863 31.53113 36.35462 33.80587 39.96693 60.19899 76.57305 84.73531 86.92464 80.94729 111.5459 101.1197 104.8986 100.8519 107.4538 122.7578 134.7257 140.0352 142.5133 149.0835 151.7011 153.7727 162.0914 156.6599 172.9319 178.7746 182.0754
62.39863 0 89.31464 92.70338 90.4058 95.89618 114.0952 128.0404 136.7321 138.6668 132.1215 152.2295 42.60882 42.56653 38.97044 45.79244 69.46749 166.9755 170.8183 172.03 177.4148 177.4991 180.182 181.3165 134.7334 183.9313 185.7311 187.7363
31.53113 89.31464 0 5.270463 3.100179 8.750492 28.88625 45.52716 53.44416 55.65619 49.89016 83.23996 130.3033 131.566 125.8115 131.9656 140.8011 109.0628 114.8007 117.7325 124.573 128.1988 129.9267 141.1349 156.2418 155.3459 162.8596 166.6442
36.35462 92.70338 5.270463 0 2.54951 3.613862 23.86033 40.39871 48.42004 50.62114 44.76885 77.99047 134.0765 134.7312 128.6316 134.6723 142.2324 103.9675 109.7362 112.7054 119.5632 123.2822 124.974 136.4746 154.4661 151.0684 158.7829 162.6238
33.80587 90.4058 3.100179 2.54951 0 6.161169 26.40409 42.91723 50.96077 53.16014 47.28901 80.23678 131.6852 132.5028 126.5077 132.5854 140.6014 105.9729 111.706 114.6342 121.4737 125.1 126.8267 138.0678 154.2819 152.3701 159.9441 163.7468
39.96693 95.89618 8.750492 3.613862 6.161169 0 20.24704 36.80737 44.80803 47.01021 41.17536 74.74645 137.4051 137.812 131.5587 137.5435 144.4389 101.0456 106.8612 109.8861 116.767 120.6133 122.2561 134.1135 154.6031 149.1096 157.0185 160.9117
60.19899 114.0952 28.88625 23.86033 26.40409 20.24704 0 16.77379 24.56465 26.77218 21.09424 57.16974 156.1534 155.3159 148.3146 153.9963 157.481 85.38524 91.44988 94.80755 101.7719 106.3962 107.7131 121.6998 156.5306 139.0128 148.0168 152.1889
76.57305 128.0404 45.52716 40.39871 42.91723 36.80737 16.77379 0 8.69227 10.67187 4.374802 42.10359 170.451 168.4049 160.7556 166.1344 166.6498 71.54816 77.73897 81.33607 88.28081 93.5052 94.53159 110.1382 156.4927 129.1844 138.9988 143.3581
84.73531 136.7321 53.44416 48.42004 50.96077 44.80803 24.56465 8.69227 0 2.236068 4.924429 38.9366 179.1368 177.0706 169.3718 174.7177 174.7327 69.11042 75.34139 79.12016 85.97378 91.67879 92.44458 109.2383 161.6634 129.3829 139.6693 144.1249
86.92464 138.6668 55.65619 50.62114 53.16014 47.01021 26.77218 10.67187 2.236068 0 6.576473 37.34686 181.0994 178.8994 171.1309 176.4409 176.1177 67.58143 73.81074 77.62087 84.44784 90.24411 90.95603 107.9828 161.9429 128.3577 138.7477 143.2236
80.94729 132.1215 49.89016 44.76885 47.28901 41.17536 21.09424 4.374802 4.924429 6.576473 0 38.90055 174.5716 172.3231 164.5614 169.8814 169.81 68.70953 74.92613 78.60184 85.51795 90.94641 91.86539 107.9944 157.5412 127.5556 137.6 142.0079
111.5459 152.2295 83.23996 77.99047 80.23678 74.74645 57.16974 42.10359 38.9366 37.34686 38.90055 0 194.5303 188.5089 179.0752 183.359 175.3157 30.26987 36.49153 40.34933 47.12833 53.1156 53.69063 71.57694 141.852 93.35602 104.496 109.1063
101.1197 42.60882 130.3033 134.0765 131.6852 137.4051 156.1534 170.451 179.1368 181.0994 174.5716 194.5303 0 20.39608 30.59412 34.2492 71.317 208.0415 211.5664 212.5135 217.5708 217.0829 219.8636 219.0993 156.5743 218.9989 219.244 220.6762
104.8986 42.56653 131.566 134.7312 132.5028 137.812 155.3159 168.4049 177.0706 178.8994 172.3231 188.5089 20.39608 0 11.93315 13.96452 51.07731 199.3521 202.4044 203.0025 207.6328 206.526 209.3896 206.9288 138.163 205.0104 204.4092 205.548
100.8519 38.97044 125.8115 128.6316 126.5077 131.5587 148.3146 160.7556 169.3718 171.1309 164.5614 179.0752 30.59412 11.93315 0 6.928767 41.27327 188.9276 191.8214 192.3091 196.8037 195.5203 198.4036 195.5145 126.5094 193.2549 192.5486 193.6605
107.4538 45.79244 131.9656 134.6723 132.5854 137.5435 153.9963 166.1344 174.7177 176.4409 169.8814 183.359 34.2492 13.96452 6.928767 0 37.11572 192.3196 195.0369 195.3958 199.7184 198.1991 201.1076 197.5213 124.9443 194.4122 193.2661 194.2151
122.7578 69.46749 140.8011 142.2324 140.6014 144.4389 157.481 166.6498 174.7327 176.1177 169.81 175.3157 71.317 51.07731 41.27327 37.11572 0 178.5085 180.1544 179.7794 183.0736 180.3147 183.3059 176.2579 91.32984 169.3391 166.3929 166.6896
134.7257 166.9755 109.0628 103.9675 105.9729 101.0456 85.38524 71.54816 69.11042 67.58143 68.70953 30.26987 208.0415 199.3521 188.9276 192.3196 178.5085 0 6.230971 10.11187 16.86645 23.04886 23.43608 42.46755 129.3456 65.82808 77.69794 82.3787
140.0352 170.8183 114.8007 109.7362 111.706 106.8612 91.44988 77.73897 75.34139 73.81074 74.92613 36.49153 211.5664 202.4044 191.8214 195.0369 180.1544 6.230971 0 4.065095 10.63779 17.05359 17.25471 36.87456 127.8759 60.69877 72.74672 77.4269
142.5133 172.03 117.7325 112.7054 114.6342 109.8861 94.80755 81.33607 79.12016 77.62087 78.60184 40.34933 212.5135 203.0025 192.3091 195.3958 179.7794 10.11187 4.065095 0 6.967276 13 13.34166 32.8345 125.6181 56.7633 68.8616 73.53911
149.0835 177.4148 124.573 119.5632 121.4737 116.767 101.7719 88.28081 85.97378 84.44784 85.51795 47.12833 217.5708 207.6328 196.8037 199.7184 183.0736 16.86645 10.63779 6.967276 0 7.48794 6.791309 27.73537 125.6798 52.25142 64.55401 69.20082
151.7011 177.4991 128.1988 123.2822 125.1 120.6133 106.3962 93.5052 91.67879 90.24411 90.94641 53.1156 217.0829 206.526 195.5203 198.1991 180.3147 23.04886 17.05359 13 7.48794 0 3 20.27545 120.0579 44.76395 57.07294 61.7171
153.7727 180.182 129.9267 124.974 126.8267 122.2561 107.7131 94.53159 92.44458 90.95603 91.86539 53.69063 219.8636 209.3896 198.4036 201.1076 183.3059 23.43608 17.25471 13.34166 6.791309 3 0 21.44732 122.8339 46.14142 58.52111 63.13478
162.0914 181.3165 141.1349 136.4746 138.0678 134.1135 121.6998 110.1382 109.2383 107.9828 107.9944 71.57694 219.0993 206.9288 195.5145 197.5213 176.2579 42.46755 36.87456 32.8345 27.73537 20.27545 21.44732 0 107.6423 24.72535 37.13407 41.72272
156.6599 134.7334 156.2418 154.4661 154.2819 154.6031 156.5306 156.4927 161.6634 161.9429 157.5412 141.852 156.5743 138.163 126.5094 124.9443 91.32984 129.3456 127.8759 125.6181 125.6798 120.0579 122.8339 107.6423 0 91.68627 84.60292 83.36294
172.9319 183.9313 155.3459 151.0684 152.3701 149.1096 139.0128 129.1844 129.3829 128.3577 127.5556 93.35602 218.9989 205.0104 193.2549 194.4122 169.3391 65.82808 60.69877 56.7633 52.25142 44.76395 46.14142 24.72535 91.68627 0 12.42413 16.99768
178.7746 185.7311 162.8596 158.7829 159.9441 157.0185 148.0168 138.9988 139.6693 138.7477 137.6 104.496 219.244 204.4092 192.5486 193.2661 166.3929 77.69794 72.74672 68.8616 64.55401 57.07294 58.52111 37.13407 84.60292 12.42413 0 4.68188
182.0754 187.7363 166.6442 162.6238 163.7468 160.9117 152.1889 143.3581 144.1249 143.2236 142.0079 109.1063 220.6762 205.548 193.6605 194.2151 166.6896 82.3787 77.4269 73.53911 69.20082 61.7171 63.13478 41.72272 83.36294 16.99768 4.68188 0
