0 54.55903 80.00249 93.71173 96.35494 99.1842 126.4722 101.9806 36.20427 150.7442 34.71599 32.31012 42.81772 38.07471 36.64155 183.1402 43.79379 49.47964 63.52928 71.7072 75.71596 85.93317 117.4717 190.6241 124.1345 127.0019 192.1276 150.1831 192.1668 155.1434 179.7898
54.55903 0 25.83444 40.71134 44.04432 47.42248 77.25157 51.14569 21.14086 105.527 89.2012 85.11633 93.48472 87.44491 83.82668 152.8024 87.74471 94.14696 108.3699 108.0616 110.7607 121.9227 139.4404 170.4773 133.1123 134.5258 176.5112 154.7103 181.6629 161.2023 180.3246
80.00249 25.83444 0 15.70032 19.64688 23.4094 53.96307 27.85678 44.72816 84.00763 114.4419 109.6337 117.1804 110.9076 106.827 138.5012 109.7133 116.0431 129.827 126.7142 128.8352 139.8472 151.1853 161.066 139.6066 140.289 169.2439 158.1139 176.8119 165.0485 180.8947
93.71173 40.71134 15.70032 0 4.301163 8.130191 38.45099 12.90349 57.69766 68.92954 127.7019 122.1277 128.8675 122.45 118.036 126.3442 120.102 126.3032 139.6135 134.5362 136.2351 147.0063 154.1339 151.2924 139.4435 139.6657 160.575 155.7899 169.4304 162.9064 176.6174
96.35494 44.04432 19.64688 4.301163 0 3.847077 34.33325 8.602325 60.20851 64.67829 130.1062 124.2469 130.684 124.2276 119.708 122.1964 121.4949 127.6401 140.77 135.087 136.6547 147.3322 153.248 147.4876 137.7679 137.8731 156.961 153.5513 166.0574 160.7016 173.8986
99.1842 47.42248 23.4094 8.130191 3.847077 0 30.55403 4.816638 62.98918 60.8324 132.7313 126.653 132.8449 126.3618 121.7604 118.6714 123.3183 129.4125 142.3832 136.1914 137.6448 148.2334 153.064 144.386 136.8576 136.851 154.0736 152.0868 163.4306 159.2664 171.9478
126.4722 77.25157 53.96307 38.45099 34.33325 30.55403 0 26.27467 90.54572 31.19044 158.7488 151.5743 156.3647 149.8058 144.8072 95.42741 145.0398 150.7467 162.5861 153.306 153.9943 163.8152 160.9083 126.0732 139.4576 138.5457 137.9896 149.6874 149.9292 156.9639 164.8267
101.9806 51.14569 27.85678 12.90349 8.602325 4.816638 26.27467 0 65.7887 56.19859 135.1972 128.812 134.656 128.1425 123.4342 113.9348 124.6796 130.6981 143.4425 136.5888 137.8931 148.3566 151.8267 139.9643 134.7665 134.6291 149.8419 149.3452 159.4454 156.5535 168.6588
36.20427 21.14086 44.72816 57.69766 60.20851 62.98918 90.54572 65.7887 0 115.9744 70.0148 64.90556 72.70336 66.55469 62.78919 154.9785 66.60397 73.00633 87.24065 87.54764 90.44031 101.5954 121.9881 167.9884 119.1034 120.9948 172.121 142.4756 175.2315 148.5553 169.761
150.7442 105.527 84.00763 68.92954 64.67829 60.8324 31.19044 56.19859 115.9744 0 180.9942 172.6956 175.8528 169.354 164.0512 68.8951 162.8942 168.047 178.4068 166.204 166.0942 174.8319 164.1628 103.638 138.3068 136.5175 117.4635 142.9345 131.6758 150.0151 152.6448
34.71599 89.2012 114.4419 127.7019 130.1062 132.7313 158.7488 135.1972 70.0148 180.9942 0 11.36259 20.32181 21.76644 25.97969 205.666 33.75813 35.38754 44.41198 61.00091 65.47094 72.78554 112.4665 207.5659 127.7508 131.3073 206.5078 154.6209 203.6192 158.2749 185.1088
32.31012 85.11633 109.6337 122.1277 124.2469 126.653 151.5743 128.812 64.90556 172.6956 11.36259 0 11.98452 10.98472 14.67273 195.2287 22.71374 25.15033 36.10533 50.88137 55.34586 63.39292 101.9554 196.4611 116.5034 120.034 195.2438 143.372 192.2667 147.1026 173.8477
42.81772 93.48472 117.1804 128.8675 130.684 132.8449 156.3647 134.656 72.70336 175.8528 20.32181 11.98452 0 6.559453 11.82218 194.1207 16.043 15.64082 24.3994 40.83772 45.29613 52.4707 92.46114 193.0095 109.2649 112.9615 190.8361 136.077 186.8445 139.3867 166.5828
38.07471 87.44491 110.9076 122.45 124.2276 126.3618 149.8058 128.1425 66.55469 169.354 21.76644 10.98472 6.559453 0 5.522681 188.3745 12.02082 14.23025 26.31315 39.92493 44.38468 52.64516 90.9842 188.0214 106.0872 109.6836 186.2335 132.953 182.7054 136.5375 163.4535
36.64155 83.82668 106.827 118.036 119.708 121.7604 144.8072 123.4342 62.78919 164.0512 25.97969 14.67273 11.82218 5.522681 0 182.8771 8.544004 13.0384 26.89001 37.71604 42.10107 51.13285 87.94027 182.7541 101.8332 105.3613 181.1341 128.7012 177.8371 132.4575 159.1753
183.1402 152.8024 138.5012 126.3442 122.1964 118.6714 95.42741 113.9348 154.9785 68.8951 205.666 195.2287 194.1207 188.3745 182.8771 0 178.5848 181.8934 187.7484 170.1744 168.2778 173.5562 146.9139 38.78899 115.3914 111.9848 54.9006 106.6962 72.15403 112.2741 103.3144
43.79379 87.74471 109.7133 120.102 121.4949 123.3183 145.0398 124.6796 66.60397 162.8942 33.75813 22.71374 16.043 12.02082 8.544004 178.5848 0 6.403124 20.78975 29.23183 33.59315 42.84353 79.45175 176.9812 94.06912 97.67292 174.8102 120.9339 170.9674 124.5231 151.4355
49.47964 94.14696 116.0431 126.3032 127.6401 129.4125 150.7467 130.6981 73.00633 168.047 35.38754 25.15033 15.64082 14.23025 13.0384 181.8934 6.403124 0 14.45622 25.73908 30.20761 38.48392 77.07918 179.0341 93.723 97.45255 176.2965 120.5073 171.8146 123.7619 151.0068
63.52928 108.3699 129.827 139.6135 140.77 142.3832 162.5861 143.4425 87.24065 178.4068 44.41198 36.10533 24.3994 26.31315 26.89001 187.7484 20.78975 14.45622 0 20.47698 24.39829 29.01474 71.03377 181.9846 91.98961 95.94205 177.9612 118.2351 172.0467 120.7025 148.4796
71.7072 108.0616 126.7142 134.5362 135.087 136.1914 153.306 136.5888 87.54764 166.204 61.00091 50.88137 40.83772 39.92493 37.71604 170.1744 29.23183 25.73908 20.47698 0 4.472136 14.40529 51.68831 162.5513 71.51573 75.47516 158.0096 97.77781 151.7256 100.3419 128.061
75.71596 110.7607 128.8352 136.2351 136.6547 137.6448 153.9943 137.8931 90.44031 166.0942 65.47094 55.34586 45.29613 44.38468 42.10107 168.2778 33.59315 30.20761 24.39829 4.472136 0 11.16349 47.2771 159.7804 67.79749 71.79485 154.904 93.88557 148.2844 96.30421 124.0912
85.93317 121.9227 139.8472 147.0063 147.3322 148.2334 163.8152 148.3566 101.5954 174.8319 72.78554 63.39292 52.4707 52.64516 51.13285 173.5562 42.84353 38.48392 29.01474 14.40529 11.16349 0 42.96337 162.712 67.88971 71.997 156.7664 92.82188 148.9376 94.41993 122.4236
117.4717 139.4404 151.1853 154.1339 153.248 153.064 160.9083 151.8267 121.9881 164.1628 112.4665 101.9554 92.46114 90.9842 87.94027 146.9139 79.45175 77.07918 71.03377 51.68831 47.2771 42.96337 0 128.8981 31.88008 35.68601 120.366 52.17059 110.1016 52.55387 80.45941
190.6241 170.4773 161.066 151.2924 147.4876 144.386 126.0732 139.9643 167.9884 103.638 207.5659 196.4611 193.0095 188.0214 182.7541 38.78899 176.9812 179.0341 181.9846 162.5513 159.7804 162.712 128.8981 0 97.30991 93.33473 16.46245 80.99786 34.41938 84.95511 69.49888
124.1345 133.1123 139.6066 139.4435 137.7679 136.8576 139.4576 134.7665 119.1034 138.3068 127.7508 116.5034 109.2649 106.0872 101.8332 115.3914 94.06912 93.723 91.98961 71.51573 67.79749 67.88971 31.88008 97.30991 0 4.123106 89.62683 26.87006 81.04968 31.06445 57.3664
127.0019 134.5258 140.289 139.6657 137.8731 136.851 138.5457 134.6291 120.9948 136.5175 131.3073 120.034 112.9615 109.6836 105.3613 111.9848 97.67292 97.45255 95.94205 75.47516 71.79485 71.997 35.68601 93.33473 4.123106 0 85.52841 23.43075 76.94056 28.17801 53.82273
192.1276 176.5112 169.2439 160.575 156.961 154.0736 137.9896 149.8419 172.121 117.4635 206.5078 195.2438 190.8361 186.2335 181.1341 54.9006 174.8102 176.2965 177.9612 158.0096 154.904 156.7664 120.366 16.46245 89.62683 85.52841 0 70.09196 18.09519 73.06376 54.62287
150.1831 154.7103 158.1139 155.7899 153.5513 152.0868 149.6874 149.3452 142.4756 142.9345 154.6209 143.372 136.077 132.953 128.7012 106.6962 120.9339 120.5073 118.2351 97.77781 93.88557 92.82188 52.17059 80.99786 26.87006 23.43075 70.09196 0 58.21039 7.28011 30.50915
192.1668 181.6629 176.8119 169.4304 166.0574 163.4306 149.9292 159.4454 175.2315 131.6758 203.6192 192.2667 186.8445 182.7054 177.8371 72.15403 170.9674 171.8146 172.0467 151.7256 148.2844 148.9376 110.1016 34.41938 81.04968 76.94056 18.09519 58.21039 0 59.80008 37.91073
155.1434 161.2023 165.0485 162.9064 160.7016 159.2664 156.9639 156.5535 148.5553 150.0151 158.2749 147.1026 139.3867 136.5375 132.4575 112.2741 124.5231 123.7619 120.7025 100.3419 96.30421 94.41993 52.55387 84.95511 31.06445 28.17801 73.06376 7.28011 59.80008 0 28.01261
179.7898 180.3246 180.8947 176.6174 173.8986 171.9478 164.8267 168.6588 169.761 152.6448 185.1088 173.8477 166.5828 163.4535 159.1753 103.3144 151.4355 151.0068 148.4796 128.061 124.0912 122.4236 80.45941 69.49888 57.3664 53.82273 54.62287 30.50915 37.91073 28.01261 0
