0 56.64965 37.27088 118.3192 92.84409 102.4392 104.5687 166.2145 79.65669 131.1264 139.2434 90.41959 56.37872 90.6786 91.18421 66.40754 93.00847 68.75177 66.04643 76.27543 173.6436 202.7438 208.87 104.4721 244.1556 211.4699 144.0578 291.1928 198.8724 209.3285 262.2637 206.317 209.5144 210.0648 211.3891 214.7319 208.3122 186.0402 219.5569 225.4501 265.9593 227.1072 231.0702 211.7619 256.8669 262.7392 261.9154
56.64965 0 32.61567 62.86517 41.85486 47.98208 50.35007 110.6193 66.15724 75.75804 84.03529 46.91141 67.21815 49.08442 50.71371 86.15949 55.81474 84.54713 80.62803 90.54546 158.4626 148.4449 155.2754 118.1951 194.256 159.2203 133.3982 238.5399 171.3131 176.8651 219.0716 176.2031 177.912 178.9418 179.4393 182.0619 178.2646 192.688 187.8205 194.1925 225.269 196.5256 200.8638 196.1051 224.1308 223.8479 223.7871
37.27088 32.61567 0 85.85455 58.08357 69.43866 71.26567 133.0879 47.13696 98.23322 105.9955 53.6028 36.59668 53.61117 54.01323 54.62256 55.74285 53.77973 49.95595 60.44808 143.4154 167.9604 173.5646 89.20861 207.3391 175.4668 115.3497 255.1319 164.4254 173.642 225.0507 171.2028 174.0367 174.7104 175.8364 179.0244 173.228 167.4372 184.0989 190.1424 228.9658 191.9844 196.068 181.7466 221.3172 225.9783 225.2719
118.3192 62.86517 85.85455 0 29.4799 16.45921 14.91593 47.90847 85.7669 12.89368 21.17948 42.39079 106.8674 45.40257 47.15649 125.1811 52.56958 121.2164 117.6927 124.2396 146.8526 85.74894 92.94841 144.6463 134.8319 97.96667 131.6204 176.4611 142.2291 140.6753 166.657 143.2165 142.7778 144.3506 143.7016 145.1347 145.1649 201.5995 151.6461 158.1404 175.645 161.1701 165.6691 179.4384 184.3213 176.4581 177.3336
92.84409 41.85486 58.08357 29.4799 0 13.84205 14.68045 75.22295 57.98078 40.86601 48.23915 15.57701 77.41269 19.16018 21.3458 95.85313 27.88087 92.0206 88.43509 95.36284 131.9988 110.0706 116.0315 117.1788 152.8587 118.8361 112.1965 198.5146 136.3961 139.2125 177.4462 139.7529 140.6604 141.9076 141.9833 144.2065 141.7978 179.5669 150.3009 156.785 184.1023 159.4021 163.8442 167.5201 185.6357 183.1536 183.3189
102.4392 47.98208 69.43866 16.45921 13.84205 0 2.5 63.90598 71.67552 28.86174 36.84087 28.6007 91.00549 32.01562 34.05877 109.5789 40.24059 105.8081 102.2008 109.2016 141.203 100.6479 107.3185 130.8625 146.9567 111.3208 123.1747 190.5597 141.7281 142.5938 175.2438 144.0425 144.3468 145.7481 145.4957 147.3711 146.0548 191.6716 153.6856 160.2038 183.048 163.0192 167.5052 175.6191 187.9417 182.9371 183.4394
104.5687 50.35007 71.26567 14.91593 14.68045 2.5 0 61.91763 72.03446 26.96757 34.82097 28.72716 92.08284 32.03514 34.00368 110.5291 40.00756 106.6699 103.0983 109.9147 139.9167 98.39334 104.995 131.1726 144.4817 108.9097 122.3121 188.1921 139.8236 140.4715 172.7676 142.0141 142.2542 143.6706 143.385 145.2257 144.0217 191.1158 151.5586 158.0775 180.6088 160.9115 165.4003 174.1067 185.707 180.536 181.0559
166.2145 110.6193 133.0879 47.90847 75.22295 63.90598 61.91763 0 124.7919 35.09296 27.10277 84.28142 150.2759 86.2933 87.35828 167.3784 90.75388 162.8242 159.6425 164.599 160.2058 40.01137 48.63903 180.7225 95.85472 56.88435 153.5196 131.2861 141.4098 132.9226 137.1679 138.4748 135.8913 137.8489 136.0811 136.098 140.0897 224.8517 142.7287 148.7287 149.3461 152.2051 156.4793 185.9151 168.9218 152.8925 154.8473
79.65669 66.15724 47.13696 85.7669 57.98078 71.67552 72.03446 124.7919 0 94.68159 100.2131 43.41484 31.3209 40.37487 38.71517 43.98597 34.19278 38.87355 36.2507 39.84252 96.29013 151.7634 155.0374 59.19834 179.7031 153.6755 68.69225 231.0217 119.2624 130.5193 188.6492 126.9836 130.4712 130.9048 132.4168 135.9257 128.9545 127.0244 140.4619 146.2108 190.3061 147.7358 151.6244 134.6159 177.7669 185.9999 184.7696
131.1264 75.75804 98.23322 12.89368 40.86601 28.86174 26.96757 35.09296 94.68159 0 8.321658 51.97115 117.6138 54.57105 56.04463 135.5121 60.68118 131.3122 127.9062 133.8805 147.8587 72.94518 80.30109 152.8463 123.1363 85.74563 135.0741 163.8353 139.2086 135.8308 156.9662 139.1735 138.1774 139.866 138.9244 140.0152 141.0567 205.915 146.6228 153.0531 166.6927 156.2218 160.7016 178.7402 177.9496 168.122 169.2483
139.2434 84.03529 105.9955 21.17948 48.23915 36.84087 34.82097 27.10277 100.2131 8.321658 0 58.26019 124.2266 60.59909 61.89709 141.8139 66.03185 137.4676 134.1464 139.7328 148.1139 64.62391 72.01846 157.7157 115.3155 77.66313 136.9571 155.5514 136.8933 132.3414 150.3113 136.1929 134.8379 136.5952 135.4668 136.3305 138.0263 208.1448 142.9773 149.3452 160.483 152.5942 157.0486 177.7924 173.3533 162.2968 163.5795
90.41959 46.91141 53.6028 42.39079 15.57701 28.6007 28.72716 84.28142 43.41484 51.97115 58.26019 0 66.0303 3.605551 5.830952 83.58815 12.46214 79.34241 75.95393 82.0061 117.864 115.9483 120.896 102.4744 153.7771 122.1385 97.04638 201.6953 125.4266 130.0807 173.8599 129.7353 131.2174 132.3046 132.6989 135.2451 131.7953 164.0122 141.0753 147.4797 179.2105 149.8875 154.2595 154.0738 177.2479 177.3697 177.1779
56.37872 67.21815 36.59668 106.8674 77.41269 91.00549 92.08284 150.2759 31.3209 117.6138 124.2266 66.0303 0 64.00781 63.07139 19.33565 60.7133 17.35179 13.45362 23.85372 118.0305 180.1888 184.1299 52.7731 210.6867 183.5506 88.0568 261.6047 146.9418 159.7905 219.7657 155.5032 159.4553 159.7138 161.4837 165.1704 157.4103 132.4387 169.317 174.8035 221.0296 176.0575 179.7443 155.8848 206.4525 216.3793 214.9791
90.6786 49.08442 53.61117 45.40257 19.16018 32.01562 32.03514 86.2933 40.37487 54.57105 60.59909 3.605551 64.00781 0 2.236068 81.23546 8.877218 76.87014 73.5527 79.30952 114.4675 117.1537 121.8581 99.29753 153.7688 122.7388 93.47192 202.1584 122.7123 127.7811 172.7852 127.2331 128.8449 129.8942 130.361 132.9784 129.2942 160.4151 138.7417 145.1215 177.8303 147.4797 151.8321 150.8047 175.0729 175.7868 175.5135
91.18421 50.71371 54.01323 47.15649 21.3458 34.05877 34.00368 87.35828 38.71517 56.04463 61.89709 5.830952 63.07139 2.236068 0 80.05124 6.64116 75.60347 72.33948 77.87811 112.2879 117.686 122.2345 97.49359 153.5284 122.8874 91.23596 202.2004 120.8783 126.1784 171.8915 125.5159 127.2006 128.2283 128.7362 131.3935 127.5774 158.2214 137.1177 143.4826 176.7537 145.8124 150.1533 148.6811 173.5339 174.591 174.2699
66.40754 86.15949 54.62256 125.1811 95.85313 109.5789 110.5291 167.3784 43.98597 135.5121 141.8139 83.58815 19.33565 81.23546 80.05124 0 76.83062 5.600584 7.787494 11.05444 115.6775 195.6439 199.0172 38.08004 222.6987 197.5959 85.23941 274.5082 149.4439 164.2108 227.8782 158.9221 163.4597 163.4699 165.5838 169.4922 160.7212 119.635 173.0299 178.0988 227.8151 178.9815 182.3723 152.2863 209.6046 222.3503 220.5969
93.00847 55.81474 55.74285 52.56958 27.88087 40.24059 40.00756 90.75388 34.19278 60.68118 66.03185 12.46214 60.7133 8.877218 6.64116 76.83062 0 72.13905 69.05798 73.88102 105.8231 119.4785 123.5624 92.26161 152.9828 123.5443 84.59495 202.4485 115.5011 121.5204 169.3626 120.5015 122.412 123.3714 124.0065 126.7857 122.5622 151.7178 132.3836 138.6975 173.6668 140.9379 145.2402 142.3868 169.0381 171.1429 170.6766
68.75177 84.54713 53.77973 121.2164 92.0206 105.8081 106.6699 162.8242 38.87355 131.3122 137.4676 79.34241 17.35179 76.87014 75.60347 5.600584 72.13905 0 3.926548 7.533333 110.9143 190.6285 193.8906 36.49591 217.2162 192.3359 80.47619 269.0932 144.1158 158.7416 222.2802 153.522 158.0182 158.0464 160.1365 164.0315 155.3307 117.5438 167.6138 172.7179 222.2449 173.6326 177.0515 147.7869 204.2478 216.8109 215.074
66.04643 80.62803 49.95595 117.6927 88.43509 102.2008 103.0983 159.6425 36.2507 127.9062 134.1464 75.95393 13.45362 73.5527 72.33948 7.787494 69.05798 3.926548 0 10.77033 111.9368 187.8643 191.2627 39.92493 215.2614 189.9034 81.5414 266.9569 144.1637 158.3982 221.1893 153.386 157.7625 157.8433 159.8624 163.7139 155.2192 120.6192 167.4283 172.6246 221.4405 173.6181 177.1017 149.0997 204.2051 216.1782 214.5157
76.27543 90.54546 60.44808 124.2396 95.36284 109.2016 109.9147 164.599 39.84252 133.8805 139.7328 82.0061 23.85372 79.30952 77.87811 11.05444 73.88102 7.533333 10.77033 0 104.7294 191.1675 194.0699 29.15476 215.7908 192.0295 74.30343 268.0336 139.1764 154.3826 219.1336 148.8464 153.522 153.4682 155.6663 159.6253 150.6154 110.0227 162.9977 167.9561 218.5901 168.752 172.0727 141.2447 199.3848 212.8685 211.0095
173.6436 158.4626 143.4154 146.8526 131.9988 141.203 139.9167 160.2058 96.29013 147.8587 148.1139 117.864 118.0305 114.4675 112.2879 115.6775 105.8231 110.9143 111.9368 104.7294 0 164.447 161.8504 89.0787 158.3475 153.4083 30.44158 210.5519 45.59788 66.16524 139.0284 57.22952 63.58079 62.43945 65.74395 69.97277 58.19413 72.47662 70.25061 72.99451 132.4755 72.40221 74.46 38.33731 101.5659 123.852 120.7495
202.7438 148.4449 167.9604 85.74894 110.0706 100.6479 98.39334 40.01137 151.7634 72.94518 64.62391 115.9483 180.1888 117.1537 117.686 195.6439 119.4785 190.6285 187.8643 191.1675 164.447 0 9.701672 202.8916 58.95938 21.53631 165.1484 91.35097 135.3311 121.6594 106.3305 129.3029 125.1 127.2105 124.6315 123.4068 130.4837 234.4014 129.5618 134.656 120.6172 138.2615 142.0422 182.9373 148.4362 126.3012 129.0736
208.87 155.2754 173.5646 92.94841 116.0315 107.3185 104.995 48.63903 155.0374 80.30109 72.01846 120.896 184.1299 121.8581 122.2345 199.0172 123.5624 193.8906 191.2627 194.0699 161.8504 9.701672 0 204.5098 49.259 12.57858 164.3224 83.5343 130.6493 115.979 97.03078 123.9963 119.4827 121.6026 118.8744 117.3917 125.0673 232.6404 123.3778 128.2312 111.559 131.8325 135.4795 178.5467 140.64 117.5481 120.4414
104.4721 118.1951 89.20861 144.6463 117.1788 130.8625 131.1726 180.7225 59.19834 152.8463 157.7157 102.4744 52.7731 99.29753 97.49359 38.08004 92.26161 36.49591 39.92493 29.15476 89.0787 202.8916 204.5098 0 220.062 200.7656 60.44005 273.2471 129.4433 147.1462 216.3644 140.2007 145.6468 145.1981 147.8716 152.0567 141.7357 81.61495 154.3543 158.5126 213.61 158.7081 161.4837 122.3821 188.9954 206.6616 204.267
244.1556 194.256 207.3391 134.8319 152.8587 146.9567 144.4817 95.85472 179.7031 123.1363 115.3155 153.7771 210.6867 153.7688 153.5284 222.6987 152.9828 217.2162 215.2614 215.7908 158.3475 58.95938 49.259 220.062 0 39.01459 169.741 53.40258 117.7109 98.34292 52.6221 107.8949 101.8844 103.8551 100.4504 97.45436 108.1895 230.7661 101.7666 104.6211 68.8909 107.9167 110.4173 164.3426 106.7411 77.31901 81.09136
211.4699 159.2203 175.4668 97.96667 118.8361 111.3208 108.9097 56.88435 153.6755 85.74563 77.66313 122.1385 183.5506 122.7388 122.8874 197.5959 123.5443 192.3359 189.9034 192.0295 153.4083 21.53631 12.57858 200.7656 39.01459 0 157.7952 79.72335 120.3006 104.8323 84.79982 113.1296 108.3758 110.4969 107.6583 105.9814 114.1066 224.8951 111.8294 116.5056 99.12146 120.0981 123.652 168.3338 128.1871 104.9943 107.8694
144.0578 133.3982 115.3497 131.6204 112.1965 123.1747 122.3121 153.5196 68.69225 135.0741 136.9571 97.04638 88.0568 93.47192 91.23596 85.23941 84.59495 80.47619 81.5414 74.30343 30.44158 165.1484 164.3224 60.44005 169.741 157.7952 0 223.0359 69.18761 87.66413 158.8209 80.18884 85.88364 85.27895 88.11924 92.35935 81.63333 71.40028 94.24038 98.18987 154.6523 98.30183 101.0445 67.83354 128.5554 147.1394 144.5337
291.1928 238.5399 255.1319 176.4611 198.5146 190.5597 188.1921 131.2861 231.0217 163.8353 155.5514 201.6953 261.6047 202.1584 202.2004 274.5082 202.4485 269.0932 266.9569 268.0336 210.5519 91.35097 83.5343 273.2471 53.40258 79.72335 223.0359 0 168.2339 147.9595 85.0495 157.665 151.344 153.1617 149.6462 146.1617 157.6483 282.703 149.4364 151.0505 100.6728 153.9683 155.6181 213.1323 145.0778 111.5034 115.9353
198.8724 171.3131 164.4254 142.2291 136.3961 141.7281 139.8236 141.4098 119.2624 139.2086 136.8933 125.4266 146.9418 122.7123 120.8783 149.4439 115.5011 144.1158 144.1637 139.1764 45.59788 135.3311 130.6493 129.4433 117.7109 120.3006 69.18761 168.2339 0 20.8685 93.59282 11.63241 18.03549 16.84224 20.16706 24.37894 12.68411 115.2681 25.14194 29.09213 86.94452 29.59464 32.9394 48.05934 60.22107 78.6044 75.72127
209.3285 176.8651 173.642 140.6753 139.2125 142.5938 140.4715 132.9226 130.5193 135.8308 132.3414 130.0807 159.7905 127.7811 126.1784 164.2108 121.5204 158.7416 158.3982 154.3826 66.16524 121.6594 115.979 147.1462 98.34292 104.8323 87.66413 147.9595 20.8685 0 72.86468 9.708244 3.605551 5.700877 3.162278 5.408327 9.848858 136.0919 11.1018 17.61391 67.07872 20.5 25 66.01557 47.69674 59.5399 57.14018
262.2637 219.0716 225.0507 166.657 177.4462 175.2438 172.7676 137.1679 188.6492 156.9662 150.3113 173.8599 219.7657 172.7852 171.8915 227.8782 169.3626 222.2802 221.1893 219.1336 139.0284 106.3305 97.03078 216.3644 52.6221 84.79982 158.8209 85.0495 93.59282 72.86468 0 82.01406 75.55913 76.8823 73.45551 69.3201 81.31448 208.0842 70.49066 70.26826 16.67893 72.5814 73.29063 133.1113 60.02909 26.73007 31.07086
206.317 176.2031 171.2028 143.2165 139.7529 144.0425 142.0141 138.4748 126.9836 139.1735 136.1929 129.7353 155.5032 127.2331 125.5159 158.9221 120.5015 153.522 153.386 148.8464 57.22952 129.3029 123.9963 140.2007 107.8949 113.1296 80.18884 157.665 11.63241 9.708244 82.01406 0 6.5 5.220153 8.558621 12.74755 2.061553 126.5356 14.21267 19.30026 75.35489 20.79663 24.88473 56.57272 50.94952 67.16584 64.39915
209.5144 177.912 174.0367 142.7778 140.6604 144.3468 142.2542 135.8913 130.4712 138.1774 134.8379 131.2174 159.4553 128.8449 127.2006 163.4597 122.412 158.0182 157.7625 153.522 63.58079 125.1 119.4827 145.6468 101.8844 108.3758 85.88364 151.344 18.03549 3.605551 75.55913 6.5 0 2.12132 2.236068 6.5 6.324555 133.0338 10.06231 16.2865 69.18865 18.74166 23.19483 62.4611 47.35262 61.26989 58.66856
210.0648 178.9418 174.7104 144.3506 141.9076 145.7481 143.6706 137.8489 130.9048 139.866 136.5952 132.3046 159.7138 129.8942 128.2283 163.4699 123.3714 158.0464 157.8433 153.4682 62.43945 127.2105 121.6026 145.1981 103.8551 110.4969 85.27895 153.1617 16.84224 5.700877 76.8823 5.220153 2.12132 0 3.535534 7.566373 4.527693 131.5086 9.604686 15.43535 70.1355 17.58551 21.96588 60.48875 46.86221 61.9879 59.26635
211.3891 179.4393 175.8364 143.7016 141.9833 145.4957 143.385 136.0811 132.4168 138.9244 135.4668 132.6989 161.4837 130.361 128.7362 165.5838 124.0065 160.1365 159.8624 155.6663 65.74395 124.6315 118.8744 147.8716 100.4504 107.6583 88.11924 149.6462 20.16706 3.162278 73.45551 8.558621 2.236068 3.535534 0 4.272002 8.062258 135.0148 8.381527 14.80709 66.97126 17.52855 22.02272 63.91183 45.49479 59.03389 56.4358
214.7319 182.0619 179.0244 145.1347 144.2065 147.3711 145.2257 136.098 135.9257 140.0152 136.3305 135.2451 165.1704 132.9784 131.3935 169.4922 126.7857 164.0315 163.7139 159.6253 69.97277 123.4068 117.3917 152.0567 97.45436 105.9814 92.35935 146.1617 24.37894 5.408327 69.3201 12.74755 6.5 7.566373 4.272002 0 12.01041 139.0009 6.670832 13.0384 62.70088 16.27882 20.71835 67.1104 42.34248 54.78367 52.22308
208.3122 178.2646 173.228 145.1649 141.7978 146.0548 144.0217 140.0897 128.9545 141.0567 138.0263 131.7953 157.4103 129.2942 127.5774 160.7212 122.5622 155.3307 155.2192 150.6154 58.19413 130.4837 125.0673 141.7357 108.1895 114.1066 81.63333 157.6483 12.68411 9.848858 81.31448 2.061553 6.324555 4.527693 8.062258 12.01041 0 127.0039 12.61943 17.41407 74.29298 18.79495 22.84732 56.16691 49.05359 65.9242 63.07139
186.0402 192.688 167.4372 201.5995 179.5669 191.6716 191.1158 224.8517 127.0244 205.915 208.1448 164.0122 132.4387 160.4151 158.2214 119.635 151.7178 117.5438 120.6192 110.0227 72.47662 234.4014 232.6404 81.61495 230.7661 224.8951 71.40028 282.703 115.2681 136.0919 208.0842 126.5356 133.0338 131.5086 135.0148 139.0009 127.0039 0 137.6308 138.565 199.3006 136.8804 137.4627 79.00668 161.4482 189.5257 185.8279
219.5569 187.8205 184.0989 151.6461 150.3009 153.6856 151.5586 142.7287 140.4619 146.6228 142.9773 141.0753 169.317 138.7417 137.1177 173.0299 132.3836 167.6138 167.4283 162.9977 70.25061 129.5618 123.3778 154.3543 101.7666 111.8294 94.24038 149.4364 25.14194 11.1018 70.49066 14.21267 10.06231 9.604686 8.381527 6.670832 12.61943 137.6308 0 6.519202 62.36538 9.617692 14.08013 63.7506 37.31864 53.61203 50.61867
225.4501 194.1925 190.1424 158.1404 156.785 160.2038 158.0775 148.7287 146.2108 153.0531 149.3452 147.4797 174.8035 145.1215 143.4826 178.0988 138.6975 172.7179 172.6246 167.9561 72.99451 134.656 128.2312 158.5126 104.6211 116.5056 98.18987 151.0505 29.09213 17.61391 70.26826 19.30026 16.2865 15.43535 14.80709 13.0384 17.41407 138.565 6.519202 0 60.75556 3.605551 7.762087 62.91374 31.64934 51.30546 47.94007
265.9593 225.269 228.9658 175.645 184.1023 183.048 180.6088 149.3461 190.3061 166.6927 160.483 179.2105 221.0296 177.8303 176.7537 227.8151 173.6668 222.2449 221.4405 218.5901 132.4755 120.6172 111.559 213.61 68.8909 99.12146 154.6523 100.6728 86.94452 67.07872 16.67893 75.35489 69.18865 70.1355 66.97126 62.70088 74.29298 199.3006 62.36538 60.75556 0 62.46162 62.31102 122.4996 45.11393 11.11919 15.58113
227.1072 196.5256 191.9844 161.1701 159.4021 163.0192 160.9115 152.2051 147.7358 156.2218 152.5942 149.8875 176.0575 147.4797 145.8124 178.9815 140.9379 173.6326 173.6181 168.752 72.40221 138.2615 131.8325 158.7081 107.9167 120.0981 98.30183 153.9683 29.59464 20.5 72.5814 20.79663 18.74166 17.58551 17.52855 16.27882 18.79495 136.8804 9.617692 3.605551 62.46162 0 4.5 60.53488 30.6329 52.69013 49.13502
231.0702 200.8638 196.068 165.6691 163.8442 167.5052 165.4003 156.4793 151.6244 160.7016 157.0486 154.2595 179.7443 151.8321 150.1533 182.3723 145.2402 177.0515 177.1017 172.0727 74.46 142.0422 135.4795 161.4837 110.4173 123.652 101.0445 155.6181 32.9394 25 73.29063 24.88473 23.19483 21.96588 22.02272 20.71835 22.84732 137.4627 14.08013 7.762087 62.31102 4.5 0 60.20567 27.52224 52.15362 48.37355
211.7619 196.1051 181.7466 179.4384 167.5201 175.6191 174.1067 185.9151 134.6159 178.7402 177.7924 154.0738 155.8848 150.8047 148.6811 152.2863 142.3868 147.7869 149.0997 141.2447 38.33731 182.9373 178.5467 122.3821 164.3426 168.3338 67.83354 213.1323 48.05934 66.01557 133.1113 56.57272 62.4611 60.48875 63.91183 67.1104 56.16691 79.00668 63.7506 62.91374 122.4996 60.53488 60.20567 0 82.61762 112.1816 108.2346
256.8669 224.1308 221.3172 184.3213 185.6357 187.9417 185.707 168.9218 177.7669 177.9496 173.3533 177.2479 206.4525 175.0729 173.5339 209.6046 169.0381 204.2478 204.2051 199.3848 101.5659 148.4362 140.64 188.9954 106.7411 128.1871 128.5554 145.0778 60.22107 47.69674 60.02909 50.94952 47.35262 46.86221 45.49479 42.34248 49.05359 161.4482 37.31864 31.64934 45.11393 30.6329 27.52224 82.61762 0 34.00013 29.533
262.7392 223.8479 225.9783 176.4581 183.1536 182.9371 180.536 152.8925 185.9999 168.122 162.2968 177.3697 216.3793 175.7868 174.591 222.3503 171.1429 216.8109 216.1782 212.8685 123.852 126.3012 117.5481 206.6616 77.31901 104.9943 147.1394 111.5034 78.6044 59.5399 26.73007 67.16584 61.26989 61.9879 59.03389 54.78367 65.9242 189.5257 53.61203 51.30546 11.11919 52.69013 52.15362 112.1816 34.00013 0 4.472136
261.9154 223.7871 225.2719 177.3336 183.3189 183.4394 181.0559 154.8473 184.7696 169.2483 163.5795 177.1779 214.9791 175.5135 174.2699 220.5969 170.6766 215.074 214.5157 211.0095 120.7495 129.0736 120.4414 204.267 81.09136 107.8694 144.5337 115.9353 75.72127 57.14018 31.07086 64.39915 58.66856 59.26635 56.4358 52.22308 63.07139 185.8279 50.61867 47.94007 15.58113 49.13502 48.37355 108.2346 29.533 4.472136 0
