0 67.66667 75.72583 68.69579 82.96251 87.48873 49.99588 93.87373 98.03245 15.80436 79.63319 78.7907 86.59307 86.13042 140.0115 103.2222 144.7887 159.3637 161.5833 168.4306 129.7229 133.7968 134.6702 170.774 174.2729 164.8872 177.4191
67.66667 0 9.265332 2.236068 16.55295 20.89258 113.4551 27.9732 32.2374 76.29548 146.2395 139.6873 145.9592 144.1867 86.73594 153.9647 94.41716 113.1485 119.3865 133.337 156.0249 153.4868 161.7237 139.3386 145.5333 160.8011 166.9319
75.72583 9.265332 0 7.463479 7.418682 11.89793 120.2284 18.81587 23.08785 83.41 153.5596 145.7729 151.7285 149.753 78.02413 158.294 85.94937 104.9768 111.6175 126.2817 156.8636 153.4557 162.5841 132.6719 139.1376 157.4334 162.6435
68.69579 2.236068 7.463479 0 14.86607 19.30026 113.9944 26.27737 30.54914 76.94154 146.9864 140.0024 146.1754 144.3395 84.56009 153.7607 92.21063 110.9211 117.1504 131.1184 154.9708 152.2505 160.6759 137.1417 143.3556 158.978 164.9801
82.96251 16.55295 7.418682 14.86607 0 4.527693 126.8812 11.42366 15.69235 90.27181 160.4494 152.0422 157.8166 155.7281 72.11287 163.5176 80.37537 99.74987 106.8722 122.3115 159.7132 155.664 165.4375 129.1017 135.8334 156.9235 161.3066
87.48873 20.89258 11.89793 19.30026 4.527693 0 131.2624 7.211103 11.41271 94.72328 164.9015 156.2796 161.9809 159.8466 69.26178 167.3045 77.77725 97.38112 104.8505 120.8186 162.3183 157.9269 168.0404 127.8747 134.7775 157.6214 161.4927
49.99588 113.4551 120.2284 113.9944 126.8812 131.2624 0 136.7295 140.5634 37.39551 35.19063 29.1236 37.4594 37.87976 170.8707 59.63074 173.2836 183.7987 183.034 184.3156 104.2312 113.2314 107.8387 183.8671 185.1353 158.7902 174.7717
93.87373 27.9732 18.81587 26.27737 11.42366 7.211103 136.7295 0 4.272002 100.5311 170.6649 161.2227 166.694 164.4269 62.80395 171.0069 71.55487 91.36237 99.20498 115.7771 163.5313 158.5118 169.2412 123.1566 130.2694 155.5844 158.674
98.03245 32.2374 23.08785 30.54914 15.69235 11.41271 140.5634 4.272002 0 104.5048 174.6031 164.8356 170.2065 167.8821 59.64491 174.0575 68.59628 88.54822 96.68725 113.7039 165.3194 159.9597 171.0182 121.3124 128.5681 155.4936 158.0855
15.80436 76.29548 83.41 76.94154 90.27181 94.72328 37.39551 100.5311 104.5048 0 70.17834 65.14677 72.48036 71.63844 140.6784 87.6835 144.4673 157.5063 158.6048 163.5309 114.7975 119.5612 119.6247 164.9674 167.784 153.7075 167.1679
79.63319 146.2395 153.5596 146.9864 160.4494 164.9015 35.19063 170.6649 174.6031 70.17834 0 29.26166 35.58222 39.52873 206.0298 64.77392 208.3214 218.4055 217.2159 217.4138 122.2822 133.9252 124.5829 216.3036 216.9631 185.0432 202.0927
78.7907 139.6873 145.7729 140.0024 152.0422 156.2796 29.1236 161.2227 164.8356 65.14677 29.26166 0 8.905426 11.27055 188.7915 36.8377 189.9419 198.0811 195.7624 194.02 93.02636 104.8135 95.33328 192.0597 192.0546 156.9261 174.3102
86.59307 145.9592 151.7285 146.1754 157.8166 161.9809 37.4594 166.694 170.2065 72.48036 35.58222 8.905426 0 4.504848 191.7386 29.22882 192.4515 199.7617 196.9422 194.2368 87.81764 100.2691 89.71292 191.8096 191.4085 153.8316 171.5261
86.13042 144.1867 149.753 144.3395 155.7281 159.8466 37.87976 164.4269 167.8821 71.63844 39.52873 11.27055 4.504848 0 188.3397 25.63999 188.9039 195.9611 193.0101 190.0887 83.4436 95.81641 85.4144 187.5747 187.1088 149.3278 167.0283
140.0115 86.73594 78.02413 84.56009 72.11287 69.26178 170.8707 62.80395 59.64491 140.6784 206.0298 188.7915 191.7386 188.3397 0 186.327 9.888356 29.93679 39.91099 60.02502 157.1917 147.122 162.329 69.4564 77.75987 121.7602 118.0205
103.2222 153.9647 158.294 153.7607 163.5176 167.3045 59.63074 171.0069 174.0575 87.6835 64.77392 36.8377 29.22882 25.63999 186.327 0 185.545 190.0328 185.6625 180.0527 61.41552 75.06926 62.44915 176.2848 174.7542 131.1848 149.4389
144.7887 94.41716 85.94937 92.21063 80.37537 77.77725 173.2836 71.55487 68.59628 144.4673 208.3214 189.9419 192.4515 188.9039 9.888356 185.545 0 20.21433 30.02485 50.2902 153.3988 142.6924 158.382 59.86451 68.23683 114.2909 109.6339
159.3637 113.1485 104.9768 110.9211 99.74987 97.38112 183.7987 91.36237 88.54822 157.5063 218.4055 198.0811 199.7617 195.9611 29.93679 190.0328 20.21433 0 11.55082 32.84023 151.8948 139.8817 156.4707 43.0723 51.61688 104.1365 96.73513
161.5833 119.3865 111.6175 117.1504 106.8722 104.8505 183.034 99.20498 96.68725 158.6048 217.2159 195.7624 196.9422 193.0101 39.91099 185.6625 30.02485 11.55082 0 21.29454 144.7178 132.184 149.0808 31.52409 40.06822 93.78331 85.63891
168.4306 133.337 126.2817 131.1184 122.3115 120.8186 184.3156 115.7771 113.7039 163.5309 217.4138 194.02 194.2368 190.0887 60.02502 180.0527 50.2902 32.84023 21.29454 0 133.8047 120.3052 137.6569 10.35442 18.85251 76.08286 65.91626
129.7229 156.0249 156.8636 154.9708 159.7132 162.3183 104.2312 163.5313 165.3194 114.7975 122.2822 93.02636 87.81764 83.4436 157.1917 61.41552 153.3988 151.8948 144.7178 133.8047 0 14.8596 5.724412 127.7144 124.1955 72.39177 90.95058
133.7968 153.4868 153.4557 152.2505 155.664 157.9269 113.2314 158.5118 159.9597 119.5612 133.9252 104.8135 100.2691 95.81641 147.122 75.06926 142.6924 139.8817 132.184 120.3052 14.8596 0 17.50144 113.8318 109.998 57.55843 76.11374
134.6702 161.7237 162.5841 160.6759 165.4375 168.0404 107.8387 169.2412 171.0182 119.6247 124.5829 95.33328 89.71292 85.4144 162.329 62.44915 158.382 156.4707 149.0808 137.6569 5.724412 17.50144 0 131.295 127.4994 74.08151 92.61184
170.774 139.3386 132.6719 137.1417 129.1017 127.8747 183.8671 123.1566 121.3124 164.9674 216.3036 192.0597 191.8096 187.5747 69.4564 176.2848 59.86451 43.0723 31.52409 10.35442 127.7144 113.8318 131.295 0 8.544763 67.03611 55.95508
174.2729 145.5333 139.1376 143.3556 135.8334 134.7775 185.1353 130.2694 128.5681 167.784 216.9631 192.0546 191.4085 187.1088 77.75987 174.7542 68.23683 51.61688 40.06822 18.85251 124.1955 109.998 127.4994 8.544763 0 60.66412 48.36953
164.8872 160.8011 157.4334 158.978 156.9235 157.6214 158.7902 155.5844 155.4936 153.7075 185.0432 156.9261 153.8316 149.3278 121.7602 131.1848 114.2909 104.1365 93.78331 76.08286 72.39177 57.55843 74.08151 67.03611 60.66412 0 18.55982
177.4191 166.9319 162.6435 164.9801 161.3066 161.4927 174.7717 158.674 158.0855 167.1679 202.0927 174.3102 171.5261 167.0283 118.0205 149.4389 109.6339 96.73513 85.63891 65.91626 90.95058 76.11374 92.61184 55.95508 48.36953 18.55982 0
