0 54.08223 60.97894 90.81792 96.30623 69.19472 29.81671 129.9341 69.83711 151.8213 72.97619 155.3716 84.34089 146.9093 102.2796 112.7678 147.435 172.2123 180.7285 191.1088 167.3552 190.6487 172.2729 172.2615 200.5767 182.7915 208.9696 214.3006 211.1191
54.08223 0 17.48737 54.68747 82.58801 44.8135 42.33245 100.9715 123.5373 132.2141 126.2191 146.7988 137.9746 132.4575 154.3511 164.8894 196.7403 174.1439 183.8429 203.7299 190.5151 220.5618 216.845 202.764 211.5585 225.1202 230.7551 231.1085 246.1795
60.97894 17.48737 0 37.46703 66.17327 28.50453 40.39831 83.57149 127.69 114.7831 129.6022 130.0925 141.8189 115.3064 156.0227 166.4845 195.7331 158.6033 168.4073 189.8556 179.2634 210.9141 212.9085 193.4914 197.2933 220.0373 218.7414 217.9104 238.0107
90.81792 54.68747 37.46703 0 41.34556 23.54774 63.03972 46.45482 149.8377 79.72936 150.4183 99.60846 162.957 82.57425 172.925 182.93 206.4218 132.5418 142.5421 168.9255 166.4064 201.5958 217.0834 185.5522 174.9643 221.5231 202.8563 198.5792 231.8996
96.30623 82.58801 66.17327 41.34556 0 37.79987 66.88124 41.03163 138.5435 55.51516 137.4347 64.30536 149.5901 51.69973 154.0942 163.1453 180.0207 93.06406 102.9896 127.766 125.8936 161.9703 184.965 146.643 134.1042 187.4034 161.6209 157.2803 193.3513
69.19472 44.8135 28.50453 23.54774 37.79987 0 40.30113 61.68468 126.3033 88.96102 126.872 101.9879 139.4104 88.0355 149.6412 159.7185 184.2955 130.1182 139.9384 162.1174 153.9683 187.258 196.8525 170.4054 169.2934 202.271 192.4956 190.6248 215.9974
29.81671 42.33245 40.39831 63.03972 66.88124 40.30113 0 100.2277 88.50274 122.3365 89.93197 127.6887 102.3178 118.024 115.688 126.1297 155.6792 147.7309 156.7547 171.1385 152.7235 180.5202 174.5879 162.4414 179.945 182.7917 193.8534 196.5421 204.84
129.9341 100.9715 83.57149 46.45482 41.03163 61.68468 100.2277 0 178.6877 36.63417 177.8778 64.3146 190.148 44.60101 195.1218 204.1715 220.135 102.1049 111.7433 144.0054 152.9747 190.9051 222.6365 177.4812 147.7269 223.6234 183.3737 174.5581 224.0999
69.83711 123.5373 127.69 149.8377 138.5435 126.3033 88.50274 178.6877 0 189.4616 6.158323 181.1554 14.51278 180.0786 35.79832 45.48823 84.65596 183.4258 189.36 185.973 150.0823 159.7748 117.3242 142.5439 196.6217 131.2649 188.8393 200.8901 170.0744
151.8213 132.2141 114.7831 79.72936 55.51516 88.96102 122.3365 36.63417 189.4616 0 187.5002 32.27509 199.0692 14.32 199.6542 207.5844 216.8692 70.76743 79.65968 114.6506 131.5582 169.9517 212.8542 158.9606 116.7222 211.1583 156.4708 144.9026 204.2799
72.97619 126.2191 129.6022 150.4183 137.4347 126.872 89.93197 177.8778 6.158323 187.5002 0 178.2403 12.53994 177.7815 30.67572 40.7216 79.19576 179.4243 185.156 180.9626 144.6141 153.782 111.3544 136.6194 191.6357 125.1965 183.1307 195.4272 163.9184
155.3716 146.7988 130.0925 99.60846 64.30536 101.9879 127.6887 64.3146 181.1554 32.27509 178.2403 0 188.8667 19.88167 185.7327 192.5594 196.5208 38.63533 47.84374 82.3759 101.4217 139.5847 188.1011 129.8673 84.65028 184.7701 124.3474 112.657 174.1457
84.34089 137.9746 141.8189 162.957 149.5901 139.4104 102.3178 190.148 14.51278 199.0692 12.53994 188.8667 0 189.0661 24.04683 32.56096 72.8695 188.423 193.7559 187.6156 149.8032 155.9865 107.6409 139.4399 198.3381 122.3825 187.11 200.4954 163.4915
146.9093 132.4575 115.3064 82.57425 51.69973 88.0355 118.024 44.60101 180.0786 14.32 177.7815 19.88167 189.0661 0 188.4602 196.0765 203.9378 58.35613 67.69505 101.6408 117.2902 155.6922 198.9987 144.6406 104.3456 197.0551 142.9164 132.0708 189.9904
102.2796 154.3511 156.0227 172.925 154.0942 149.6412 115.688 195.1218 35.79832 199.6542 30.67572 185.7327 24.04683 188.4602 0 10.53919 49.03239 180.4401 184.7174 174.424 134.4108 136.2739 83.75565 120.658 185.1466 98.7714 169.4718 184.4109 141.1625
112.7678 164.8894 166.4845 182.93 163.1453 159.7185 126.1297 204.1715 45.48823 207.5844 40.7216 192.5594 32.56096 196.0765 10.53919 0 40.68997 185.4857 189.2993 177.0826 136.0982 134.9732 77.48092 120.208 187.7555 93.15028 169.5207 185.3909 137.3008
147.435 196.7403 195.7331 206.4218 180.0207 184.2955 155.6792 220.135 84.65596 216.8692 79.19576 196.5208 72.8695 203.9378 49.03239 40.68997 0 181.4785 183.1935 163.5793 120.5943 108.8908 39.43901 97.8169 173.741 56.06043 146.7475 165.421 103.4007
172.2123 174.1439 158.6033 132.5418 93.06406 130.1182 147.7309 102.1049 183.4258 70.76743 179.4243 38.63533 188.423 58.35613 180.4401 185.4857 181.4785 0 10.00209 44.27272 71.3107 107.542 166.0956 101.1366 46.01563 159.9406 87.2568 74.20503 142.0564
180.7285 183.8429 168.4073 142.5421 102.9896 139.9384 156.7547 111.7433 189.36 79.65968 185.156 47.84374 193.7559 67.69505 184.7174 189.2993 183.1935 10.00209 0 37.00449 69.12462 103.7234 165.7535 98.94348 37.21546 158.6571 80.52452 65.99969 137.9141
191.1088 203.7299 189.8556 168.9255 127.766 162.1174 171.1385 144.0054 185.973 114.6506 180.9626 82.3759 187.6156 101.6408 174.424 177.0826 163.5793 44.27272 37.00449 0 43.04412 70.64588 140.0923 70.1897 10.73816 130.5151 43.5536 30.55455 103.6096
167.3552 190.5151 179.2634 166.4064 125.8936 153.9683 152.7235 152.9747 150.0823 131.5582 144.6141 101.4217 149.8032 117.2902 134.4108 136.0982 120.5943 71.3107 69.12462 43.04412 0 38.40979 97.88513 29.87314 53.15073 89.70285 41.616 50.81318 72.77861
190.6487 220.5618 210.9141 201.5958 161.9703 187.258 180.5202 190.9051 159.7748 169.9517 153.782 139.5847 155.9865 155.6922 136.2739 134.9732 108.8908 107.542 103.7234 70.64588 38.40979 0 76.52617 18.3931 77.97445 63.57331 39.0772 60.04658 34.64349
172.2729 216.845 212.9085 217.0834 184.965 196.8525 174.5879 222.6365 117.3242 212.8542 111.3544 188.1011 107.6409 198.9987 83.75565 77.48092 39.43901 166.0956 165.7535 140.0923 97.88513 76.52617 0 70.17842 149.3561 16.72157 115.578 136.0295 64.89191
172.2615 202.764 193.4914 185.5522 146.643 170.4054 162.4414 177.4812 142.5439 158.9606 136.6194 129.8673 139.4399 144.6406 120.658 120.208 97.8169 101.1366 98.94348 70.1897 29.87314 18.3931 70.17842 0 79.21955 60.43911 49.56036 67.61289 46.79567
200.5767 211.5585 197.2933 174.9643 134.1042 169.2934 179.945 147.7269 196.6217 116.7222 191.6357 84.65028 198.3381 104.3456 185.1466 187.7555 173.741 46.01563 37.21546 10.73816 53.15073 77.97445 149.3561 79.21955 0 139.2111 46.723 29.16666 109.7968
182.7915 225.1202 220.0373 221.5231 187.4034 202.271 182.7917 223.6234 131.2649 211.1583 125.1965 184.7701 122.3825 197.0551 98.7714 93.15028 56.06043 159.9406 158.6571 130.5151 89.70285 63.57331 16.72157 60.43911 139.2111 0 102.5107 123.6078 48.40622
208.9696 230.7551 218.7414 202.8563 161.6209 192.4956 193.8534 183.3737 188.8393 156.4708 183.1307 124.3474 187.11 142.9164 169.4718 169.5207 146.7475 87.2568 80.52452 43.5536 41.616 39.0772 115.578 49.56036 46.723 102.5107 0 21.97138 65.42045
214.3006 231.1085 217.9104 198.5792 157.2803 190.6248 196.5421 174.5581 200.8901 144.9026 195.4272 112.657 200.4954 132.0708 184.4109 185.3909 165.421 74.20503 65.99969 30.55455 50.81318 60.04658 136.0295 67.61289 29.16666 123.6078 21.97138 0 87.35089
211.1191 246.1795 238.0107 231.8996 193.3513 215.9974 204.84 224.0999 170.0744 204.2799 163.9184 174.1457 163.4915 189.9904 141.1625 137.3008 103.4007 142.0564 137.9141 103.6096 72.77861 34.64349 64.89191 46.79567 109.7968 48.40622 65.42045 87.35089 0
