0 34.70202 82.45399 119.4907 48.69017 56.67431 150.6006 155.6315 69.27158 100.0337 63.51008 165.457 172.3874 185.7578 200.0987 206.4964 120.4327 205.0915 161.7499 213.8438 147.7292 149.159 165.7775 173.0213 180.8081 218.7107 205.5289 210.4743 206.7732 198.9523
34.70202 0 78.55823 111.2404 33.27988 46.84371 137.2822 140.7273 49.33105 69.74478 31.69335 148.2483 154.3746 165.948 176.9976 183.597 87.19243 180.1544 127.2557 185.4495 113.2873 114.5933 132.405 139.5817 147.0993 187.9471 171.7047 178.0725 173.8048 164.3342
82.45399 78.55823 0 37.4867 111.7624 125.0102 70.94269 77.34543 127.0187 135.3329 101.8713 89.465 97.10927 112.4412 131.9442 137.5688 140.4669 140.7014 164.0552 158.5139 152.7749 151.6806 139.4832 146.2315 155.302 171.9261 178.5051 172.5846 172.79 184.2233
119.4907 111.2404 37.4867 0 144.3473 158.0659 34.9533 42.43159 157.333 158.3681 129.4985 56.03789 63.87844 80.03221 102.3763 107.2193 157.5915 113.2748 171.7452 135.9763 162.6345 160.5401 135.5402 141.3252 150.2407 153.7723 170.8833 159.4648 161.8159 182.466
48.69017 33.27988 111.7624 144.3473 0 13.9534 169.3198 172.2664 20.60819 56.36614 29.83094 178.8571 184.5637 195.1036 203.8972 210.5679 81.33175 205.5098 126.665 207.0241 112.6907 115.2184 145.3466 152.0748 158.3712 205.8936 181.9345 192.7385 187.0117 169.3251
56.67431 46.84371 125.0102 158.0659 13.9534 0 183.2649 186.2191 19.41649 59.75516 41.04875 192.7656 198.4345 208.8501 217.2745 223.9509 86.53901 218.5842 132.6695 219.2383 118.9664 121.8862 155.5635 162.1025 167.9813 217.1684 191.0448 203.1397 197.0105 176.7947
150.6006 137.2822 70.94269 34.9533 169.3198 183.2649 0 8.451134 179.6101 173.5292 150.094 22.79731 30.35885 46.64175 70.74348 74.7909 167.2857 83.18871 172.0649 109.5383 165.3793 162.458 126.9386 131.4285 139.6785 130.7176 156.9511 140.8625 145.1226 173.5463
155.6315 140.7273 77.34543 42.43159 172.2664 186.2191 8.451134 0 181.7266 173.764 151.9141 14.35609 21.988 38.29428 62.29239 66.36748 166.1903 74.77975 168.7386 101.4276 162.6465 159.554 121.9736 126.152 134.2051 123.0092 150.7167 133.8415 138.4245 168.2268
69.27158 49.33105 127.0187 157.333 20.60819 19.41649 179.6101 181.7266 0 40.44427 30.26549 186.9619 192.0866 201.3231 207.7203 214.3953 67.54258 207.8998 113.7909 206.2864 100.2397 103.3308 139.7033 145.9884 151.3916 202.508 173.9051 187.3131 180.7336 158.508
100.0337 69.74478 135.3329 158.3681 56.36614 59.75516 173.5292 173.764 40.44427 0 38.07437 175.964 179.73 186.0999 187.831 194.355 27.69414 185.4744 73.85962 178.7733 60.70864 64.17876 106.7029 112.2104 116.3559 171.1852 137.3191 153.5452 146.0214 119.5584
63.51008 31.69335 101.8713 129.4985 29.83094 41.04875 150.094 151.9141 30.26549 38.07437 0 156.8289 161.8742 171.0611 177.7729 184.4525 57.00877 178.3683 100.0141 178.227 85.90693 87.92753 115.5206 122.2667 128.65 176.295 152.3723 162.91 157.1993 140.8495
165.457 148.2483 89.465 56.03789 178.8571 192.7656 22.79731 14.35609 186.9619 175.964 156.8289 0 7.840691 24.08197 47.96702 52.01709 166.1823 60.6688 164.779 88.12144 159.7903 156.4093 115.2632 118.7988 126.4087 110.6042 141.3232 122.8999 128.1393 160.5533
172.3874 154.3746 97.10927 63.87844 184.5637 198.4345 30.35885 21.988 192.0866 179.73 161.8742 7.840691 0 16.30936 40.72871 44.47491 168.8853 53.88956 165.3522 82.2884 161.0008 157.4706 114.3951 117.4978 124.7787 105.5725 138.5454 119.0424 124.7623 158.8775
185.7578 165.948 112.4412 80.03221 195.1036 208.8501 46.64175 38.29428 201.3231 186.0999 171.0611 24.08197 16.30936 0 25.38315 28.41486 173.0755 39.39585 165.1202 69.47087 162.1279 158.3144 111.6911 113.842 120.3392 94.19453 131.5646 109.9932 116.6613 154.0209
200.0987 176.9976 131.9442 102.3763 203.8972 217.2745 70.74348 62.29239 207.7203 187.831 177.7729 47.96702 40.72871 25.38315 0 6.680842 171.4889 14.53613 156.8274 45.77828 155.9606 151.7896 101.0975 101.7288 106.8445 71.73217 114.1538 90.21569 98.02304 139.164
206.4964 183.597 137.5688 107.2193 210.5679 223.9509 74.7909 66.36748 214.3953 194.355 184.4525 52.01709 44.47491 28.41486 6.680842 0 177.7892 15.87735 162.3334 46.91506 161.7796 157.568 106.3917 106.7249 111.5113 73.38106 117.7072 93.04832 101.2445 143.3617
120.4327 87.19243 140.4669 157.5915 81.33175 86.53901 167.2857 166.1903 67.54258 27.69414 57.00877 166.1823 168.8853 173.0755 171.4889 177.7892 0 167.4036 46.27768 157.3043 33.01515 36.55475 82.63776 87.4487 90.65774 147.2836 110.5345 128.2666 120.2315 91.90175
205.0915 180.1544 140.7014 113.2748 205.5098 218.5842 83.18871 74.77975 207.8998 185.4744 178.3683 60.6688 53.88956 39.39585 14.53613 15.87735 167.4036 0 149.1755 31.39304 149.4808 145.1563 92.94655 92.69692 96.94954 57.65084 102.096 77.20117 85.49777 128.1937
161.7499 127.2557 164.0552 171.7452 126.665 132.6695 172.0649 168.7386 113.7909 73.85962 100.0141 164.779 165.3522 165.1202 156.8274 162.3334 46.27768 149.1755 0 131.5021 14.10813 12.94577 56.27069 57.61711 56.60038 115.3791 70.28746 92.96418 83.53306 46.99774
213.8438 185.4495 158.5139 135.9763 207.0241 219.2383 109.5383 101.4276 206.2864 178.7733 178.227 88.12144 82.2884 69.47087 45.77828 46.91506 157.3043 31.39304 131.5021 0 134.4714 129.9177 76.40319 73.92844 75.7246 26.64208 75.20874 48.54027 57.88073 103.3271
147.7292 113.2873 152.7749 162.6345 112.6907 118.9664 165.3793 162.6465 100.2397 60.70864 85.90693 159.7903 161.0008 162.1279 155.9606 161.7796 33.01515 149.4808 14.10813 134.4714 0 4.609772 58.07753 61.0798 62.11139 120.7202 79.30362 99.64515 90.79992 58.95102
149.159 114.5933 151.6806 160.5401 115.2184 121.8862 162.458 159.554 103.3308 64.17876 87.92753 156.4093 157.4706 158.3144 151.7896 157.568 36.55475 145.1563 12.94577 129.9177 4.609772 0 53.53737 56.47766 57.52239 116.112 74.98451 95.08243 86.27934 55.38419
165.7775 132.405 139.4832 135.5402 145.3466 155.5635 126.9386 121.9736 139.7033 106.7029 115.5206 115.2632 114.3951 111.6911 101.0975 106.3917 82.63776 92.94655 56.27069 76.40319 58.07753 53.53737 0 7.294442 15.9914 64.68412 40.49009 47.62184 41.75075 47.07814
173.0213 139.5817 146.2315 141.3252 152.0748 162.1025 131.4285 126.152 145.9884 112.2104 122.2667 118.7988 117.4978 113.842 101.7288 106.7249 87.4487 92.69692 57.61711 73.92844 61.0798 56.47766 7.294442 0 9.08555 60.04605 33.23387 41.44812 34.93996 42.11785
180.8081 147.0993 155.302 150.2407 158.3712 167.9813 139.6785 134.2051 151.3916 116.3559 128.65 126.4087 124.7787 120.3392 106.8445 111.5113 90.65774 96.94954 56.60038 75.7246 62.11139 57.52239 15.9914 9.08555 0 58.8826 24.79852 37.72555 29.66648 34.14475
218.7107 187.9471 171.9261 153.7723 205.8936 217.1684 130.7176 123.0092 202.508 171.1852 176.295 110.6042 105.5725 94.19453 71.73217 73.38106 147.2836 57.65084 115.3791 26.64208 120.7202 116.112 64.68412 60.04605 58.8826 0 51.88889 24.49095 34.59954 81.1799
205.5289 171.7047 178.5051 170.8833 181.9345 191.0448 156.9511 150.7167 173.9051 137.3191 152.3723 141.3232 138.5454 131.5646 114.1538 117.7072 110.5345 102.096 70.28746 75.20874 79.30362 74.98451 40.49009 33.23387 24.79852 51.88889 0 27.40979 17.4399 29.52842
210.4743 178.0725 172.5846 159.4648 192.7385 203.1397 140.8625 133.8415 187.3131 153.5452 162.91 122.8999 119.0424 109.9932 90.21569 93.04832 128.2666 77.20117 92.96418 48.54027 99.64515 95.08243 47.62184 41.44812 37.72555 24.49095 27.40979 0 10.14973 56.71039
206.7732 173.8048 172.79 161.8159 187.0117 197.0105 145.1226 138.4245 180.7336 146.0214 157.1993 128.1393 124.7623 116.6613 98.02304 101.2445 120.2315 85.49777 83.53306 57.88073 90.79992 86.27934 41.75075 34.93996 29.66648 34.59954 17.4399 10.14973 0 46.58076
198.9523 164.3342 184.2233 182.466 169.3251 176.7947 173.5463 168.2268 158.508 119.5584 140.8495 160.5533 158.8775 154.0209 139.164 143.3617 91.90175 128.1937 46.99774 103.3271 58.95102 55.38419 47.07814 42.11785 34.14475 81.1799 29.52842 56.71039 46.58076 0
