antarctic_sic_t_00001_date_01_10_1978 9203 8076 1950 634 21 13 8 5 4 2 1 1 1 1 1 1 1
antarctic_sic_t_00002_date_01_11_1978 8492 6817 418 183 166 76 68 7 6 2
antarctic_sic_t_00001_date_01_10_1978 9203 8076 1950 634 21 13 8 5 4 2 1 1 1 1 1 1 1
antarctic_sic_t_00002_date_01_11_1978 8492 6817 418 183 166 76 68 7 6 2
antarctic_sic_t_00001_date_01_10_1978 9203 8076 1950 634 21 13 8 5 4 2 1 1 1 1 1 1 1
antarctic_sic_t_00002_date_01_11_1978 8492 6817 418 183 166 76 68 7 6 2
antarctic_sic_t_00001_date_01_10_1978 9203 8076 1950 634 21 13 8 5 4 2 1 1 1 1 1 1 1
antarctic_sic_t_00002_date_01_11_1978 8492 6817 418 183 166 76 68 7 6 2
antarctic_sic_t_00001_date_01_10_1978 9203 8076 1950 634 21 13 8 5 4 2 1 1 1 1 1 1 1
antarctic_sic_t_00002_date_01_11_1978 8492 6817 418 183 166 76 68 7 6 2
antarctic_sic_t_00001_date_01_10_1978 9203 8076 1950 634 21 13 8 5 4 2 1 1 1 1 1 1 1
antarctic_sic_t_00002_date_01_11_1978 8492 6817 418 183 166 76 68 7 6 2
antarctic_sic_t_00003_date_01_12_1978 2643 1652 635 580 433 209 177 109 84 46 45 32 30 25 18 17 3 3 2 2 1 1 1
antarctic_sic_t_00004_date_01_01_1979 1313 857 356 253 175 170 40 35 30 24 19 16 16 15 6 4 4 4 3 3 3 2 2 2 2 1 1 1 1 1
antarctic_sic_t_00005_date_01_02_1979 1210 849 219 51 47 44 36 15 11 8 7 7 5 4 2 2 1 1 1 1 1 1 1
antarctic_sic_t_00006_date_01_03_1979 1733 646 150 33 28 22 20 7 7 5 5 4 3 2 1 1 1
antarctic_sic_t_00007_date_01_04_1979 2862 2204 211 200 114 101 79 31 31 29 18 16 15 12 8 6 6 4 3 2 1 1 1 1
antarctic_sic_t_00008_date_01_05_1979 5070 4339 879 298 214 141 88 42 27 26 9 6 5 1 1
antarctic_sic_t_00009_date_01_06_1979 16527 33 27 12 2 1
antarctic_sic_t_00010_date_01_07_1979 20338 75 2
antarctic_sic_t_00011_date_01_08_1979 20990 1
antarctic_sic_t_00012_date_01_09_1979 22117
antarctic_sic_t_00013_date_01_10_1979 13334 7339 449 9 2
antarctic_sic_t_00014_date_01_11_1979 9291 5279 428 119 96 80 66 55 37 11 7 7 5 4 2 1 1
antarctic_sic_t_00015_date_01_12_1979 2734 2252 481 372 111 96 54 46 33 31 26 14 9 8 7 6 5 5 3 2 2 2 1 1 1
antarctic_sic_t_00016_date_01_01_1980 1645 1263 231 42 35 34 21 20 17 17 15 13 7 4 3 3 3 3 3 3 2 2 2 1 1 1 1 1 1 1
antarctic_sic_t_00017_date_01_02_1980 1111 470 155 85 81 32 27 23 21 20 7 5 4 3 2 1 1 1 1
antarctic_sic_t_00018_date_01_03_1980 1350 299 72 26 19 4 4 3 2 2 1
antarctic_sic_t_00019_date_01_04_1980 2018 612 262 121 87 82 34 13 12 4 4 4 4 1 1 1
antarctic_sic_t_00020_date_01_05_1980 4089 1621 665 464 165 125 58 43 34 34 34 31 31 29 28 26 22 20 4 4 3 2 1 1 1 1 1 1
antarctic_sic_t_00021_date_01_06_1980 8792 3239 344 189 116 79 35 23 9 9 9 7 5 4 1
antarctic_sic_t_00022_date_01_07_1980 12259 4464 1041 248 73 68 54 46 8 1
antarctic_sic_t_00023_date_01_08_1980 21110 40 31 10 1 1
antarctic_sic_t_00024_date_01_09_1980 23152 7 1 1
antarctic_sic_t_00025_date_01_10_1980 22344 1
antarctic_sic_t_00026_date_01_11_1980 9420 5853 708 281 64 44 15 7 2 2 1 1 1 1
antarctic_sic_t_00027_date_01_12_1980 1808 1647 668 486 485 220 178 150 94 68 29 19 18 18 14 11 9 7 4 2 2 1 1
antarctic_sic_t_00028_date_01_01_1981 1040 399 365 252 162 112 107 55 52 51 48 29 29 22 11 8 6 6 6 5 2 2 2 1 1 1 1 1 1
antarctic_sic_t_00029_date_01_02_1981 706 185 160 145 133 91 34 30 27 26 25 24 23 19 4 3 2 2 1 1 1 1 1
antarctic_sic_t_00030_date_01_03_1981 866 602 120 115 52 18 18 15 15 12 8 7 7 3 2 1
antarctic_sic_t_00031_date_01_04_1981 2037 1680 349 228 12 12 11 10 8 6
antarctic_sic_t_00032_date_01_05_1981 4228 3599 1251 82 73 44 41 32
antarctic_sic_t_00033_date_01_06_1981 7143 4362 1893 390 60 42 25 25 16 2 1 1 1 1
antarctic_sic_t_00034_date_01_07_1981 12619 6934 4 3 1 1
antarctic_sic_t_00035_date_01_08_1981 13520 7867 82 74 54 3
antarctic_sic_t_00036_date_01_09_1981 23187 5 4 3
antarctic_sic_t_00037_date_01_10_1981 22605 3 1
antarctic_sic_t_00038_date_01_11_1981 9702 6414 900 229 156 79 50 9 5 3 3 3 2 2 1
antarctic_sic_t_00039_date_01_12_1981 3734 2168 402 71 32 31 22 21 20 20 20 17 15 15 14 10 9 6 5 3 3 3 3 2 1 1
antarctic_sic_t_00040_date_01_01_1982 1004 625 248 196 188 127 107 55 39 27 22 22 21 20 17 10 9 7 6 5 2 1 1 1 1 1 1 1
antarctic_sic_t_00041_date_01_02_1982 598 267 174 118 71 66 55 38 31 27 17 16 16 10 9 8 5 4 2 2 1 1
antarctic_sic_t_00042_date_01_03_1982 1385 1112 132 35 15 11 6 4 3 3 2 2 2 2 1 1
antarctic_sic_t_00043_date_01_04_1982 4250 2362 371 129 103 58 41 39 23 15 11 8 5 5 1 1 1 1
antarctic_sic_t_00044_date_01_05_1982 6027 3658 1621 364 68 61 3 2 1 1
antarctic_sic_t_00045_date_01_06_1982 8858 6540 98 5 3 1 1
antarctic_sic_t_00046_date_01_07_1982 12279 6002 607 134 25 11 4
antarctic_sic_t_00047_date_01_08_1982 21939 961 2 1
antarctic_sic_t_00048_date_01_09_1982 23102 2 1 1 1
antarctic_sic_t_00049_date_01_10_1982 12912 7308 659 9 6 2 1
antarctic_sic_t_00050_date_01_11_1982 7532 6047 242 194 151 144 110 106 66 7 3 2 1 1 1 1
antarctic_sic_t_00051_date_01_12_1982 3348 1715 612 494 165 124 108 57 53 33 32 26 24 14 14 13 7 3 3 3 2 2 2 1 1 1 1 1 1 1 1
antarctic_sic_t_00052_date_01_01_1983 1612 1172 293 112 65 38 27 25 23 16 16 14 13 7 6 5 5 4 3 2 2 2 1 1 1 1
antarctic_sic_t_00053_date_01_02_1983 1325 267 131 58 38 18 15 14 9 7 5 3 3 3 2 2 1 1 1
antarctic_sic_t_00054_date_01_03_1983 1441 301 268 94 60 13 6 3 3 2 1 1 1
antarctic_sic_t_00055_date_01_04_1983 2748 2112 167 134 102 45 16 12 9 8 6 2 1 1 1 1 1 1
antarctic_sic_t_00056_date_01_05_1983 4361 4075 644 84 76 47 32 30 28 20 4 3 2 1 1 1 1
antarctic_sic_t_00057_date_01_06_1983 8160 5784 194 60 2 1 1 1 1
antarctic_sic_t_00058_date_01_07_1983 19182 3 2
antarctic_sic_t_00059_date_01_08_1983 22061 1
antarctic_sic_t_00060_date_01_09_1983 14572 8433 11 8
antarctic_sic_t_00061_date_01_10_1983 13179 8015 8 7 5 3 2 1
antarctic_sic_t_00062_date_01_11_1983 9268 5900 383 24 6 6 6 5 2 1 1 1 1 1
antarctic_sic_t_00063_date_01_12_1983 2707 831 789 491 268 88 58 50 48 43 35 31 28 28 24 12 12 11 11 11 8 6 5 5 4 3 2 1 1 1 1
antarctic_sic_t_00064_date_01_01_1984 1384 493 364 229 127 72 18 18 17 14 13 12 11 6 4 3 3 3 2 1 1
antarctic_sic_t_00065_date_01_02_1984 1186 382 88 63 58 25 21 19 8 7 6 6 6 4 4 3 2 2 1 1 1 1
antarctic_sic_t_00066_date_01_03_1984 1253 253 125 117 35 33 27 25 7 5 2 1 1 1 1
antarctic_sic_t_00067_date_01_04_1984 2133 1748 243 208 198 114 36 28 28 23 17 5 3 2 2 1 1 1
antarctic_sic_t_00068_date_01_05_1984 4315 4107 749 303 89 61 56 47 30 15 8 3 2 1 1
antarctic_sic_t_00069_date_01_06_1984 8868 7003 26 1
antarctic_sic_t_00070_date_01_07_1984 20999 30
antarctic_sic_t_00071_date_01_08_1984 13556 8024 500 16 8 1
antarctic_sic_t_00072_date_01_09_1984 13281 8158 131 8 1 1
antarctic_sic_t_00073_date_01_10_1984 13749 7471 20 11 4 1
antarctic_sic_t_00074_date_01_11_1984 9595 6411 598 303 166 31 16 2 2 1 1
antarctic_sic_t_00075_date_01_12_1984 2685 1810 550 386 325 139 107 87 72 44 17 16 11 9 8 4 4 4 3 3 3 2 2 2 1 1 1
antarctic_sic_t_00076_date_01_01_1985 1196 1087 203 136 66 64 43 35 15 14 8 8 3 3 3 3 3 3 2 1 1 1 1 1 1
antarctic_sic_t_00077_date_01_02_1985 950 449 158 94 87 69 29 27 23 21 16 8 4 3 3 3 2 2 2 1 1 1
antarctic_sic_t_00078_date_01_03_1985 1142 1061 319 94 19 7 5 4 3 2 2 1 1
antarctic_sic_t_00079_date_01_04_1985 2606 2086 355 170 153 37 20 17 14 9 6 6 2 2 1
antarctic_sic_t_00080_date_01_05_1985 5063 3950 896 238 153 85 77 64 48 3 2 1 1 1 1
antarctic_sic_t_00081_date_01_06_1985 14702 349 23 20 4
antarctic_sic_t_00082_date_01_07_1985 12682 6789 38 1 1
antarctic_sic_t_00083_date_01_08_1985 14133 8086 4
antarctic_sic_t_00084_date_01_09_1985 14065 8601 41 1 1 1
antarctic_sic_t_00085_date_01_10_1985 14357 8342 9
antarctic_sic_t_00086_date_01_11_1985 9565 6982 1002 354 67 6 5 4 3 2 2 2 2 1
antarctic_sic_t_00087_date_01_12_1985 3081 3010 496 177 132 89 62 41 37 26 17 15 9 7 5 4 3 3 2 1 1 1 1 1 1
antarctic_sic_t_00088_date_01_01_1986 1257 1107 318 240 102 90 76 35 35 20 18 18 16 14 10 7 4 3 3 3 1
antarctic_sic_t_00089_date_01_02_1986 933 725 84 77 42 35 23 15 10 9 8 7 6 4 3 2 2 1 1 1
antarctic_sic_t_00090_date_01_03_1986 998 989 141 40 9 7 5 5 4 4 3 2 1 1
antarctic_sic_t_00091_date_01_04_1986 3042 1559 273 200 153 58 35 27 20 9 7 6 6 4 3 2 2 1 1 1 1 1 1
antarctic_sic_t_00092_date_01_05_1986 4008 3744 493 332 298 78 60 60 53 48 20 7 5 4 1 1 1 1 1
antarctic_sic_t_00093_date_01_06_1986 12306 1410 6 4 1 1 1
antarctic_sic_t_00094_date_01_07_1986 18758 3 1 1
antarctic_sic_t_00095_date_01_08_1986 20390 3 2 1
antarctic_sic_t_00096_date_01_09_1986 21417 5 1
antarctic_sic_t_00097_date_01_10_1986 10169 7763 1187 531 100 28 3
antarctic_sic_t_00098_date_01_11_1986 6976 6381 355 248 216 149 77 16 6 4 3 3 1 1
antarctic_sic_t_00099_date_01_12_1986 2805 2538 686 238 186 170 136 91 49 40 37 35 19 16 13 12 11 7 7 7 6 3 3 2 1 1 1 1
antarctic_sic_t_00100_date_01_01_1987 1368 827 511 123 114 82 79 57 55 44 16 14 12 12 11 8 8 6 6 6 5 5 3 3 2 1 1 1 1 1 1 1
antarctic_sic_t_00101_date_01_02_1987 1137 389 181 38 31 30 28 27 26 14 12 11 10 8 4 4 4 2 2
antarctic_sic_t_00102_date_01_03_1987 1326 916 418 19 7 4 3 2 2 1 1
antarctic_sic_t_00103_date_01_04_1987 4014 1731 223 60 30 25 24 23 8 8 8 6 5 5 4 2 1 1 1
antarctic_sic_t_00104_date_01_05_1987 5530 3704 1037 86 50 24 5 4 4 3 2
antarctic_sic_t_00105_date_01_06_1987 6573 6089 1922 142 3 2 1 1 1
antarctic_sic_t_00106_date_01_07_1987 11432 7640 241 83 10 3 1
antarctic_sic_t_00107_date_01_08_1987 21911 3 1
antarctic_sic_t_00108_date_01_09_1987 21768 16 2 2 1 1
antarctic_sic_t_00109_date_01_10_1987 13868 6898 8 8 4 1 1 1
antarctic_sic_t_00110_date_01_11_1987 7664 6540 436 337 155 134 20 10 3 3
antarctic_sic_t_00111_date_01_12_1987 4278 1732 1586 765 587 283 125 120 108 95 78 53 46 34 11 10 9 9 8 7 5 5 3 2 2 2 2 2 1 1 1
antarctic_sic_t_00112_date_01_01_1988 1063 624 566 311 157 72 67 54 48 26 23 18 18 14 11 11 11 8 5 4 4 3 3 2 1 1 1 1
antarctic_sic_t_00113_date_01_02_1988 950 370 180 91 87 59 46 36 34 34 33 20 18 17 16 15 10 10 8 6 5 4 4 3 2 1 1 1
antarctic_sic_t_00114_date_01_03_1988 1041 345 342 177 61 39 29 22 22 21 20 17 15 14 13 10 10 8 7 7 3 3 3 2 1
antarctic_sic_t_00115_date_01_04_1988 2126 1907 166 138 59 57 56 36 29 23 21 16 13 11 7 6 5 5 4 3 3 3 2 1 1 1 1 1 1 1 1
antarctic_sic_t_00116_date_01_05_1988 4543 3172 687 353 243 130 113 103 93 43 38 30 7 4 3 3 3
antarctic_sic_t_00117_date_01_06_1988 9242 5354 323 10 7 5 1 1
antarctic_sic_t_00118_date_01_07_1988 18623 476 61 59 3 3
antarctic_sic_t_00119_date_01_08_1988 21796 53 1 1
antarctic_sic_t_00120_date_01_09_1988 14901 6451 35 5 1
antarctic_sic_t_00121_date_01_10_1988 13993 7717 464 8 4 4 3 3 1 1
antarctic_sic_t_00122_date_01_11_1988 10293 6808 705 251 130 119 55 6 5 5 3 2 1 1
antarctic_sic_t_00123_date_01_12_1988 2883 1760 509 404 193 99 97 96 93 93 64 53 52 44 44 44 40 39 27 26 26 25 25 16 10 8 6 4 3 3 2 2 2 2 1 1 1
antarctic_sic_t_00124_date_01_01_1989 1353 1190 158 140 126 71 55 44 32 32 26 23 12 9 9 7 6 6 5 4 3 3 2 2 2 1
antarctic_sic_t_00125_date_01_02_1989 1095 919 96 81 54 35 34 28 25 19 7 5 5 5 4 3 3 1 1
antarctic_sic_t_00126_date_01_03_1989 1064 1001 231 182 40 38 33 27 17 9 9 8 5 3 3 3 2 2 2 1 1
antarctic_sic_t_00127_date_01_04_1989 2160 2046 519 140 81 58 46 38 32 30 10 9 7 3 3 2 1
antarctic_sic_t_00128_date_01_05_1989 4798 3787 2694 81 7 5 3
antarctic_sic_t_00129_date_01_06_1989 16495 6
antarctic_sic_t_00130_date_01_07_1989 19463 10 6
antarctic_sic_t_00131_date_01_08_1989 21138 12 6 5 5 1
antarctic_sic_t_00132_date_01_09_1989 14414 7728 6 5 4
antarctic_sic_t_00133_date_01_10_1989 12970 7662 375 12 6 5 5 1 1 1
antarctic_sic_t_00134_date_01_11_1989 8025 6138 500 121 92 76 75 72 39 19 15 10 8 8 7 7 3 3 1 1 1 1
antarctic_sic_t_00135_date_01_12_1989 2959 1515 1065 545 175 173 108 105 90 60 38 28 26 25 18 10 5 4 3 3 3 3 2 2 2 2 1 1 1 1 1
antarctic_sic_t_00136_date_01_01_1990 1557 1131 572 290 57 49 36 35 30 24 22 13 11 7 3 3 3 3 2 2 1 1 1
antarctic_sic_t_00137_date_01_02_1990 1338 803 315 158 60 19 14 9 9 8 8 7 5 4 3 3 2 2 2
antarctic_sic_t_00138_date_01_03_1990 1522 954 193 184 55 13 7 3 3 3 2 1 1 1 1
antarctic_sic_t_00139_date_01_04_1990 2911 2637 376 172 151 91 35 33 27 17 16 13 12 7 6 3 2 1 1 1
antarctic_sic_t_00140_date_01_05_1990 5108 4022 637 185 77 43 36 15 2 2 2 1 1
antarctic_sic_t_00141_date_01_06_1990 15495 5 2 1 1
antarctic_sic_t_00142_date_01_07_1990 19256 3 2 2 1
antarctic_sic_t_00143_date_01_08_1990 22659 6 3 3 1 1
antarctic_sic_t_00144_date_01_09_1990 22986 2 1
antarctic_sic_t_00145_date_01_10_1990 11284 9018 3 2 2
antarctic_sic_t_00146_date_01_11_1990 7921 6788 405 48 39 18 15 8 5 4 3 3 2 1
antarctic_sic_t_00147_date_01_12_1990 3318 1874 900 411 121 107 106 80 46 37 32 28 22 20 17 17 14 13 10 6 6 4 4 4 3 3 2 2 2 1 1 1
antarctic_sic_t_00148_date_01_01_1991 2278 517 132 131 66 59 50 44 36 31 17 17 16 14 13 10 10 10 10 10 8 7 6 6 4 4 3 3 3 2 2 2 2 1 1 1 1 1
antarctic_sic_t_00149_date_01_02_1991 1896 232 67 43 24 20 19 18 14 8 5 4 3 3 3 2 2 1 1 1
antarctic_sic_t_00150_date_01_03_1991 2203 195 109 34 19 16 8 4 4 4 3 3 2 1 1 1 1 1 1
antarctic_sic_t_00151_date_01_04_1991 3250 2584 303 64 55 40 39 18 12 10 9 6 3 2 1 1 1 1 1 1
antarctic_sic_t_00152_date_01_05_1991 5208 4691 607 112 97 74 6 4 1
antarctic_sic_t_00153_date_01_06_1991 8148 4158 1666 306 87 6 5 2 2 1
antarctic_sic_t_00154_date_01_07_1991 18158 4 1
antarctic_sic_t_00155_date_01_08_1991 21642 12 2 2
antarctic_sic_t_00156_date_01_09_1991 23039 4 1
antarctic_sic_t_00157_date_01_10_1991 20566 141 3 2 1
antarctic_sic_t_00158_date_01_11_1991 9576 5160 817 594 86 26 6 4 2 2 1 1 1 1
antarctic_sic_t_00159_date_01_12_1991 2720 1709 796 444 350 192 51 40 25 21 20 16 15 12 8 4 4 3 3 3 2 1 1
antarctic_sic_t_00160_date_01_01_1992 1934 443 399 136 134 132 79 69 65 64 25 22 16 13 12 11 10 9 6 2 2 2 1 1 1 1 1 1 1 1
antarctic_sic_t_00161_date_01_02_1992 1294 244 100 61 45 45 45 37 24 20 17 14 12 7 7 6 5 4 3 3 3 2 2 2 1 1 1
antarctic_sic_t_00162_date_01_03_1992 1882 217 155 24 23 20 15 12 10 6 5 5 4 3 3 2 1 1 1
antarctic_sic_t_00163_date_01_04_1992 3242 1389 401 258 209 45 42 24 23 23 21 18 16 16 9 3 2 2 1 1
antarctic_sic_t_00164_date_01_05_1992 5211 4055 1008 392 71 58 56 13 11 9 1
antarctic_sic_t_00165_date_01_06_1992 14755
antarctic_sic_t_00166_date_01_07_1992 18675 1 1 1
antarctic_sic_t_00167_date_01_08_1992 21924 8
antarctic_sic_t_00168_date_01_09_1992 21208 51 16 10
antarctic_sic_t_00169_date_01_10_1992 21166 20 18 2 1 1 1
antarctic_sic_t_00170_date_01_11_1992 7259 5517 542 240 220 95 79 53 49 28 26 8 7 6 3 2 2 1 1 1
antarctic_sic_t_00171_date_01_12_1992 1520 1410 569 306 243 183 139 64 47 37 31 31 23 22 20 19 19 15 15 8 4 3 3 2 2 1 1 1 1 1
antarctic_sic_t_00172_date_01_01_1993 600 238 141 124 81 80 64 59 58 56 54 31 22 22 22 20 20 18 18 17 15 14 14 12 9 6 6 6 5 5 4 3 3 3 2 1 1 1 1
antarctic_sic_t_00173_date_01_02_1993 570 138 74 47 45 39 28 23 16 13 13 12 9 8 7 6 6 5 4 4 4 2 2 1 1 1
antarctic_sic_t_00174_date_01_03_1993 1105 120 70 49 34 31 30 12 8 7 4 2 2 1 1 1 1
antarctic_sic_t_00175_date_01_04_1993 2753 2544 276 142 59 44 31 24 21 14 7 5 2 2 1 1 1 1
antarctic_sic_t_00176_date_01_05_1993 5186 4937 1403 2
antarctic_sic_t_00177_date_01_06_1993 15738 1 1 1
antarctic_sic_t_00178_date_01_07_1993 19894 1 1 1
antarctic_sic_t_00179_date_01_08_1993 22073 7 1 1
antarctic_sic_t_00180_date_01_09_1993 23514 54 2 2 1
antarctic_sic_t_00181_date_01_10_1993 14739 7349 2 1 1
antarctic_sic_t_00182_date_01_11_1993 9445 6169 446 228 212 47 31 28 14 13 11 1 1
antarctic_sic_t_00183_date_01_12_1993 2910 957 629 567 519 381 123 115 85 79 61 59 48 21 16 15 9 6 4 4 3 3 3 3 2 2 2 2 1 1
antarctic_sic_t_00184_date_01_01_1994 1948 482 463 399 134 78 64 49 39 24 21 15 14 8 6 5 3 3 2 2 1 1 1 1 1 1
antarctic_sic_t_00185_date_01_02_1994 1602 369 231 214 172 53 46 29 24 24 13 12 9 5 5 3 3 1 1 1 1
antarctic_sic_t_00186_date_01_03_1994 1951 405 260 170 99 92 82 41 29 27 16 10 6 4 4 2 2 2 1 1
antarctic_sic_t_00187_date_01_04_1994 3403 2894 198 120 81 67 43 43 42 19 16 13 10 7 6 2 2 1 1 1 1
antarctic_sic_t_00188_date_01_05_1994 6468 5266 144 35 30 14 1 1
antarctic_sic_t_00189_date_01_06_1994 8478 7308
antarctic_sic_t_00190_date_01_07_1994 20567 4
antarctic_sic_t_00191_date_01_08_1994 23505
antarctic_sic_t_00192_date_01_09_1994 23337 30 17 2 1
antarctic_sic_t_00193_date_01_10_1994 13888 7784 47 2 2 2
antarctic_sic_t_00194_date_01_11_1994 6297 6161 2079 428 413 288 158 115 21 12 8 5 3 3 3 2 2 1 1 1
antarctic_sic_t_00195_date_01_12_1994 3576 1877 1202 340 226 124 111 104 100 86 71 66 55 25 18 17 7 6 5 3 2 2 1 1 1 1 1 1
antarctic_sic_t_00196_date_01_01_1995 1921 693 533 222 180 88 63 54 51 47 46 21 19 18 16 12 11 11 8 5 5 3 3 2 2 2 1 1 1
antarctic_sic_t_00197_date_01_02_1995 931 372 323 80 68 62 59 50 49 34 32 30 24 22 15 9 9 8 8 4 3 3 2 2 2 1 1 1
antarctic_sic_t_00198_date_01_03_1995 1504 611 275 57 55 49 39 37 34 30 20 17 13 12 5 5 3 3 3 2 1 1
antarctic_sic_t_00199_date_01_04_1995 3009 2968 234 105 92 62 56 52 47 29 13 8 6 6 6 1 1 1 1
antarctic_sic_t_00200_date_01_05_1995 6179 5495 161 9
antarctic_sic_t_00201_date_01_06_1995 15889 7 2 1
antarctic_sic_t_00202_date_01_07_1995 19119 28 20 6
antarctic_sic_t_00203_date_01_08_1995 22646
antarctic_sic_t_00204_date_01_09_1995 22670 55 17 16 9 2 1 1
antarctic_sic_t_00205_date_01_10_1995 20589 2 2 1 1 1 1
antarctic_sic_t_00206_date_01_11_1995 7867 6731 431 358 187 145 31 5 5 3 3 3 1 1 1 1 1 1
antarctic_sic_t_00207_date_01_12_1995 3120 2743 921 589 181 80 63 56 52 43 37 26 25 15 14 11 7 6 6 6 5 3 3 3 3 1 1 1 1
antarctic_sic_t_00208_date_01_01_1996 1065 575 502 125 119 52 44 40 39 39 35 34 31 23 22 16 16 14 6 6 4 4 3 3 2 1 1 1 1 1 1 1 1 1
antarctic_sic_t_00209_date_01_02_1996 824 314 172 97 76 72 38 33 31 28 20 19 16 11 10 10 8 6 5 3 1 1 1 1 1 1
antarctic_sic_t_00210_date_01_03_1996 1162 335 197 119 74 37 34 21 18 17 12 12 11 9 5 2 2 2 2 1 1 1
antarctic_sic_t_00211_date_01_04_1996 3556 2091 246 108 86 79 49 40 25 14 14 10 7 4 3 3 2 1 1 1 1 1 1
antarctic_sic_t_00212_date_01_05_1996 6009 5283 1225 144 9 1 1
antarctic_sic_t_00213_date_01_06_1996 9380 7803 4
antarctic_sic_t_00214_date_01_07_1996 20266 3
antarctic_sic_t_00215_date_01_08_1996 21818 6 3 1
antarctic_sic_t_00216_date_01_09_1996 22861 11 6 1
antarctic_sic_t_00217_date_01_10_1996 21359 49 29 5 3 3 3 1 1
antarctic_sic_t_00218_date_01_11_1996 6444 3473 2613 448 283 191 89 24 13 10 10 6 4 4 4 2 1 1 1 1
antarctic_sic_t_00219_date_01_12_1996 1904 1533 592 519 390 310 195 135 98 55 29 19 18 8 7 7 6 6 6 4 3 2 1 1 1 1
antarctic_sic_t_00220_date_01_01_1997 1587 308 150 132 114 90 84 72 65 32 24 22 17 15 14 14 13 12 9 8 8 5 4 3 3 3 2 2 1 1 1 1 1
antarctic_sic_t_00221_date_01_02_1997 1451 179 66 48 43 41 38 34 27 18 15 8 7 6 4 2 1 1
antarctic_sic_t_00222_date_01_03_1997 1745 138 62 35 32 23 17 17 14 7 6 5 4 3 3 3 2 2 1 1
antarctic_sic_t_00223_date_01_04_1997 2571 2188 249 172 81 72 64 57 57 55 28 28 23 23 9 5 2 1 1
antarctic_sic_t_00224_date_01_05_1997 5484 4119 1522 63 58 27 21 2 1 1 1
antarctic_sic_t_00225_date_01_06_1997 8715 6454 11 5 2 1 1 1 1
antarctic_sic_t_00226_date_01_07_1997 20021 7
antarctic_sic_t_00227_date_01_08_1997 21632 17 11 9 4 2 2 1 1
antarctic_sic_t_00228_date_01_09_1997 22362 1 1
antarctic_sic_t_00229_date_01_10_1997 22003 2 2 2 1 1 1 1
antarctic_sic_t_00230_date_01_11_1997 9356 5307 1014 295 71 54 33 27 5 3 2 1 1 1
antarctic_sic_t_00231_date_01_12_1997 2547 2431 694 377 95 71 61 52 46 36 27 24 24 15 10 5 5 4 1 1 1 1
antarctic_sic_t_00232_date_01_01_1998 1130 1082 416 304 119 78 62 49 41 28 15 14 14 12 9 8 8 7 7 5 4 3 2 2 1 1 1 1 1
antarctic_sic_t_00233_date_01_02_1998 667 631 279 107 53 49 46 31 21 20 11 8 6 5 3 3 3 2 1 1 1
antarctic_sic_t_00234_date_01_03_1998 1125 394 234 97 84 77 25 20 19 9 9 9 7 5 3 3 2 2 1
antarctic_sic_t_00235_date_01_04_1998 3679 2083 693 91 41 15 5 2 2 1
antarctic_sic_t_00236_date_01_05_1998 4771 4206 1605 237 116 67 20 13 2
antarctic_sic_t_00237_date_01_06_1998 8095 5814 1170 135 4 1 1
antarctic_sic_t_00238_date_01_07_1998 19661 45 7 2
antarctic_sic_t_00239_date_01_08_1998 22024 14 13 1 1
antarctic_sic_t_00240_date_01_09_1998 23217 15
antarctic_sic_t_00241_date_01_10_1998 22204 6 1 1 1
antarctic_sic_t_00242_date_01_11_1998 8053 7355 353 277 16 15 4 3 2 1 1 1 1
antarctic_sic_t_00243_date_01_12_1998 3324 1562 339 306 254 253 107 88 59 57 38 38 37 22 15 13 11 10 3 3 3 3 3 1 1
antarctic_sic_t_00244_date_01_01_1999 1212 402 282 215 169 161 113 103 50 43 43 28 21 20 20 10 10 9 8 8 6 5 4 3 2 1 1 1 1
antarctic_sic_t_00245_date_01_02_1999 847 275 121 110 85 73 54 44 30 24 22 22 15 7 5 3 2 2 1
antarctic_sic_t_00246_date_01_03_1999 994 254 234 208 62 43 41 33 24 21 18 14 9 5 5 4 3 2 2
antarctic_sic_t_00247_date_01_04_1999 4096 1758 496 155 79 49 28 26 22 15 10 5 3 2 1 1 1
antarctic_sic_t_00248_date_01_05_1999 11921 2 2
antarctic_sic_t_00249_date_01_06_1999 16497 3 2 1
antarctic_sic_t_00250_date_01_07_1999 20853 1 1
antarctic_sic_t_00251_date_01_08_1999 23097 5 1
antarctic_sic_t_00252_date_01_09_1999 22275 18 7 7 2 2 1
antarctic_sic_t_00253_date_01_10_1999 13849 8097 15 2 1 1 1
antarctic_sic_t_00254_date_01_11_1999 7711 6522 879 285 43 17 12 6 5 3 3 1 1 1 1 1
antarctic_sic_t_00255_date_01_12_1999 2504 1544 567 514 329 142 77 62 48 43 39 27 24 20 17 17 17 15 14 14 8 8 7 7 5 5 4 3 2 2 2 2 2 1 1 1 1
antarctic_sic_t_00256_date_01_01_2000 1116 227 212 177 91 70 70 57 43 42 42 27 25 23 20 20 19 16 15 15 14 13 13 12 11 5 4 3 2 2 1 1 1 1 1 1 1 1
antarctic_sic_t_00257_date_01_02_2000 1067 165 102 62 42 37 30 19 18 15 12 11 8 7 3 3 2 2 2 1 1 1 1
antarctic_sic_t_00258_date_01_03_2000 1463 361 158 52 45 30 18 12 11 10 10 9 8 7 6 5 4 3 3 2 1 1 1 1 1
antarctic_sic_t_00259_date_01_04_2000 2636 2570 414 264 230 85 62 58 41 38 27 12 5 2 2 1 1 1 1 1
antarctic_sic_t_00260_date_01_05_2000 6282 5950 3
antarctic_sic_t_00261_date_01_06_2000 9107 7844 5 4 1 1
antarctic_sic_t_00262_date_01_07_2000 19805 13 3 2
antarctic_sic_t_00263_date_01_08_2000 23115
antarctic_sic_t_00264_date_01_09_2000 15198 9095 3
antarctic_sic_t_00265_date_01_10_2000 22366 21 18 4 2 1 1 1
antarctic_sic_t_00266_date_01_11_2000 9397 6469 331 313 129 2 2 1 1 1 1
antarctic_sic_t_00267_date_01_12_2000 2655 2574 793 661 563 229 45 38 20 15 13 13 10 6 5 5 3 3 2 2 1 1 1
antarctic_sic_t_00268_date_01_01_2001 1707 631 512 388 326 179 160 141 50 14 12 12 11 8 5 5 4 4 4 3 3 3 3 2 2 1 1 1 1 1 1 1
antarctic_sic_t_00269_date_01_02_2001 1294 380 278 222 126 100 59 53 50 37 19 12 11 9 8 6 6 3 3 3 2 1 1 1 1 1
antarctic_sic_t_00270_date_01_03_2001 1671 1553 205 42 40 32 30 26 20 20 12 11 8 8 7 6 5 4 3 3 3 2 2 1
antarctic_sic_t_00271_date_01_04_2001 3353 3112 378 34 30 29 23 19 3 3 1
antarctic_sic_t_00272_date_01_05_2001 5009 4951 1045 129 83 59 55 52 10 5 4 1 1
antarctic_sic_t_00273_date_01_06_2001 16278 9 3 2
antarctic_sic_t_00274_date_01_07_2001 19875 5 3
antarctic_sic_t_00275_date_01_08_2001 20946 10
antarctic_sic_t_00276_date_01_09_2001 22378 6 1
antarctic_sic_t_00277_date_01_10_2001 11876 7325 38 32 6 3 1 1 1 1
antarctic_sic_t_00278_date_01_11_2001 7025 6156 1080 43 40 33 31 16 10 8 6 5 4 4 3 2 2 1 1
antarctic_sic_t_00279_date_01_12_2001 1940 1128 444 344 284 272 197 172 63 44 43 26 25 13 11 6 6 5 5 4 4 4 3 2 2 1 1 1 1 1
antarctic_sic_t_00280_date_01_01_2002 1498 146 137 137 106 86 84 73 58 56 53 53 45 37 30 26 24 20 17 17 14 11 9 6 6 5 3 3 2 2 2 2 2 1 1 1 1 1 1 1 1 1
antarctic_sic_t_00281_date_01_02_2002 1393 96 76 67 48 39 35 21 16 15 12 12 7 5 4 3 2 2 1 1 1 1 1 1 1
antarctic_sic_t_00282_date_01_03_2002 1601 48 31 21 16 15 14 12 9 7 6 4 3 3 1 1
antarctic_sic_t_00283_date_01_04_2002 2281 1887 208 112 102 69 21 20 17 13 13 12 3 3 2 1 1 1 1 1 1
antarctic_sic_t_00284_date_01_05_2002 4191 4017 734 310 109 107 96 87 5 2 2 2 1 1 1 1
antarctic_sic_t_00285_date_01_06_2002 7713 6346 99 82
antarctic_sic_t_00286_date_01_07_2002 11401 7770 1
antarctic_sic_t_00287_date_01_08_2002 21831
antarctic_sic_t_00288_date_01_09_2002 14581 6786 524 89 26 20 2 1
antarctic_sic_t_00289_date_01_10_2002 13781 7037 36 9 4 2 2 1
antarctic_sic_t_00290_date_01_11_2002 10276 4840 803 307 287 166 72 62 35 8 6 5 5 3 2 1 1 1
antarctic_sic_t_00291_date_01_12_2002 4496 2017 604 506 298 104 79 70 48 40 36 32 31 24 18 15 11 11 11 8 7 6 6 5 5 2 1 1 1 1
antarctic_sic_t_00292_date_01_01_2003 2479 554 430 244 125 97 83 78 62 61 59 47 32 22 20 19 11 9 8 8 8 8 8 6 6 5 3 3 2 2 2 1 1 1 1
antarctic_sic_t_00293_date_01_02_2003 1848 461 282 138 62 60 45 45 43 37 36 23 13 9 9 5 4 4 4 3 3 2 2 2 1 1 1 1 1
antarctic_sic_t_00294_date_01_03_2003 2105 1332 305 85 41 32 25 17 6 4 3 2 2 1 1 1
antarctic_sic_t_00295_date_01_04_2003 3544 3062 98 90 57 34 32 23 19 18 16 15 3 2 2 2 1 1
antarctic_sic_t_00296_date_01_05_2003 5642 5283 1186 54 51 10 7 6 1
antarctic_sic_t_00297_date_01_06_2003 8995 8044 3
antarctic_sic_t_00298_date_01_07_2003 20486 5 5
antarctic_sic_t_00299_date_01_08_2003 20550 62 16 5 1 1
antarctic_sic_t_00300_date_01_09_2003 20737 2 1
antarctic_sic_t_00301_date_01_10_2003 13154 7270 150 32 15 8 5 4 2 1
antarctic_sic_t_00302_date_01_11_2003 5727 3811 3675 462 311 243 122 48 44 15 14 11 5 4 3 3 2 1 1 1
antarctic_sic_t_00303_date_01_12_2003 3101 2271 782 477 376 157 60 24 21 17 14 13 12 7 7 5 4 3 3 2 1 1 1 1
antarctic_sic_t_00304_date_01_01_2004 2011 592 424 374 114 60 56 47 44 40 24 17 17 15 13 13 13 12 12 8 5 5 4 4 3 3 2 2 2 2 2 2 1 1 1 1 1 1
antarctic_sic_t_00305_date_01_02_2004 1583 289 216 178 50 35 29 24 24 11 8 7 6 3 2 2 2 1 1 1 1 1
antarctic_sic_t_00306_date_01_03_2004 1869 1270 204 148 35 25 16 14 12 6 4 2 2 1 1 1
antarctic_sic_t_00307_date_01_04_2004 3269 3068 242 74 53 33 26 24 20 19 10 7 1 1 1 1
antarctic_sic_t_00308_date_01_05_2004 5515 4585 791 563 121 112 49 5 5 1 1 1
antarctic_sic_t_00309_date_01_06_2004 10001 6423 266 2
antarctic_sic_t_00310_date_01_07_2004 20924 6
antarctic_sic_t_00311_date_01_08_2004 14899 7206 1
antarctic_sic_t_00312_date_01_09_2004 14956 7341 6
antarctic_sic_t_00313_date_01_10_2004 12737 9045 69 33 12 2
antarctic_sic_t_00314_date_01_11_2004 9344 6427 373 326 117 106 30 22 3 1 1
antarctic_sic_t_00315_date_01_12_2004 2923 1289 865 589 522 230 146 141 39 39 28 15 9 8 4 3 3 3 3 2 2 2 1 1 1
antarctic_sic_t_00316_date_01_01_2005 1560 807 460 139 72 61 50 46 46 44 34 32 25 20 19 18 12 7 5 4 3 2 2 2 1 1 1 1 1 1
antarctic_sic_t_00317_date_01_02_2005 1401 288 58 56 48 47 45 43 38 29 25 22 21 21 19 14 14 12 10 5 5 5 4 4 3 2 1 1 1 1 1 1 1
antarctic_sic_t_00318_date_01_03_2005 1516 305 254 133 69 34 22 16 14 13 12 9 7 6 6 5 5 4 3 2 2 1 1
antarctic_sic_t_00319_date_01_04_2005 4051 1885 194 87 40 34 31 15 11 11 11 8 7 6 5 4 4 4 4 1 1
antarctic_sic_t_00320_date_01_05_2005 6181 3380 1468 358 36 1
antarctic_sic_t_00321_date_01_06_2005 15018 4 1 1
antarctic_sic_t_00322_date_01_07_2005 18020 1065
antarctic_sic_t_00323_date_01_08_2005 21160 249 19 8 1
antarctic_sic_t_00324_date_01_09_2005 21937 702 66 14 12 6 5 1 1 1
antarctic_sic_t_00325_date_01_10_2005 14005 6287 497 64 15 14 1 1 1
antarctic_sic_t_00326_date_01_11_2005 8969 5183 491 489 189 127 45 36 28 27 18 14 12 9 8 5 2 2 1 1
antarctic_sic_t_00327_date_01_12_2005 2176 1475 779 478 277 246 97 81 67 43 32 30 27 19 15 8 8 7 7 3 3 2 2 1 1 1 1 1 1
antarctic_sic_t_00328_date_01_01_2006 1451 524 331 314 239 120 39 31 29 12 10 8 7 6 5 5 4 4 4 3 3 3 3 1 1 1 1 1 1
antarctic_sic_t_00329_date_01_02_2006 1190 252 185 63 54 36 33 33 29 21 21 17 12 12 10 6 5 3 3 3 2 2 1 1 1
antarctic_sic_t_00330_date_01_03_2006 1002 238 194 124 35 30 29 27 21 13 12 11 7 5 4 3 3 3 1 1 1
antarctic_sic_t_00331_date_01_04_2006 2656 1544 218 145 89 33 32 25 21 11 5 5 5 4 4 4 4 2 2 2 1 1 1 1 1
antarctic_sic_t_00332_date_01_05_2006 4470 3890 1020 284 99 4 1 1
antarctic_sic_t_00333_date_01_06_2006 16037 2
antarctic_sic_t_00334_date_01_07_2006 20448 2
antarctic_sic_t_00335_date_01_08_2006 23194 2 2 1
antarctic_sic_t_00336_date_01_09_2006 16194 7684 2 2 1 1 1 1
antarctic_sic_t_00337_date_01_10_2006 22889 8 4 3 2 1 1
antarctic_sic_t_00338_date_01_11_2006 7891 5907 1093 49 28 16 13 9 6 6 3 2 2 2 1 1 1 1 1 1 1 1 1
antarctic_sic_t_00339_date_01_12_2006 1963 1033 751 586 312 302 235 198 167 165 70 36 32 25 19 17 16 14 12 10 8 8 4 3 3 2 1 1 1 1 1
antarctic_sic_t_00340_date_01_01_2007 1440 422 354 117 116 110 77 68 63 25 18 17 16 16 11 8 8 7 6 5 5 5 4 2 2 1 1 1
antarctic_sic_t_00341_date_01_02_2007 1312 301 237 52 44 43 38 34 33 24 23 15 10 9 7 5 4 3 2 2 1 1 1 1
antarctic_sic_t_00342_date_01_03_2007 1602 261 177 79 45 36 30 29 26 10 10 8 7 6 6 5 3 2 1 1 1 1 1
antarctic_sic_t_00343_date_01_04_2007 2334 2186 402 294 53 33 26 25 14 11 8 6 5 5 4 4 2 2 2 2 1 1
antarctic_sic_t_00344_date_01_05_2007 5293 4839 61 38 35 24 11 11 7 2 1
antarctic_sic_t_00345_date_01_06_2007 15833 3 2 1
antarctic_sic_t_00346_date_01_07_2007 18945 42 25 4 3
antarctic_sic_t_00347_date_01_08_2007 22119 1 1
antarctic_sic_t_00348_date_01_09_2007 24173 1 1
antarctic_sic_t_00349_date_01_10_2007 22478 35 9 2 1
antarctic_sic_t_00350_date_01_11_2007 9625 7361 1004 327 62 60 11 10 2 2
antarctic_sic_t_00351_date_01_12_2007 4712 3400 441 386 250 73 69 61 40 24 22 21 15 11 5 4 3 2 2 2 1 1 1 1
antarctic_sic_t_00352_date_01_01_2008 1921 589 310 290 159 141 135 58 50 32 26 19 17 10 9 8 7 5 3 2 1 1 1
antarctic_sic_t_00353_date_01_02_2008 1652 325 195 143 47 40 33 32 26 22 13 13 7 6 6 4 2 1
antarctic_sic_t_00354_date_01_03_2008 2204 949 449 111 42 33 33 33 31 21 18 16 10 9 9 7 4 3 3 2 1 1 1
antarctic_sic_t_00355_date_01_04_2008 3786 3756 482 111 107 69 53 51 17 6 5 4 2 1
antarctic_sic_t_00356_date_01_05_2008 7226 5630 65 9 1
antarctic_sic_t_00357_date_01_06_2008 17685 2 1 1
antarctic_sic_t_00358_date_01_07_2008 20254 4 1 1
antarctic_sic_t_00359_date_01_08_2008 22738 5 1
antarctic_sic_t_00360_date_01_09_2008 21436 76 29 25 23 13 2
antarctic_sic_t_00361_date_01_10_2008 13503 7759 143 18 7 1
antarctic_sic_t_00362_date_01_11_2008 8816 6450 736 259 137 118 48 32 15 8 8 6 5 2 1 1
antarctic_sic_t_00363_date_01_12_2008 2602 2437 390 338 330 83 77 46 41 35 25 20 19 19 18 15 15 15 13 10 8 7 5 4 3 3 3 2 2 2 1 1 1
antarctic_sic_t_00364_date_01_01_2009 1644 544 127 124 104 87 64 55 50 46 39 30 25 21 15 12 12 12 10 8 6 4 2 2 1 1 1 1
antarctic_sic_t_00365_date_01_02_2009 1508 406 80 78 48 46 25 18 11 9 5 5 5 4 2 2 1 1 1 1 1
antarctic_sic_t_00366_date_01_03_2009 2055 422 160 70 37 36 25 17 15 10 8 3 2 1 1
antarctic_sic_t_00367_date_01_04_2009 3986 3285 268 154 70 32 25 22 17 8 2 2 1 1 1 1 1
antarctic_sic_t_00368_date_01_05_2009 5820 5190 1052 86 21 10 2 2
antarctic_sic_t_00369_date_01_06_2009 9450 7307
antarctic_sic_t_00370_date_01_07_2009 12283 8384 36 1
antarctic_sic_t_00371_date_01_08_2009 14667 7987 3
antarctic_sic_t_00372_date_01_09_2009 23814 5 1 1
antarctic_sic_t_00373_date_01_10_2009 22755 7 3 1 1
antarctic_sic_t_00374_date_01_11_2009 9571 5193 569 488 290 4 3 2 1 1
antarctic_sic_t_00375_date_01_12_2009 2859 1373 1039 542 389 172 122 111 49 47 24 24 20 11 9 5 5 2 2 1 1 1 1
antarctic_sic_t_00376_date_01_01_2010 2010 675 374 316 215 31 21 14 13 12 11 11 10 10 10 7 5 2 1 1 1 1 1 1
antarctic_sic_t_00377_date_01_02_2010 1715 216 90 56 50 41 40 30 19 10 9 8 6 4 3 1 1
antarctic_sic_t_00378_date_01_03_2010 2069 401 168 36 29 28 23 22 3 3 2 2 2 1 1 1 1
antarctic_sic_t_00379_date_01_04_2010 2783 2654 279 113 90 49 46 26 21 18 14 11 6 6 4 3 2 1 1 1 1
antarctic_sic_t_00380_date_01_05_2010 5340 4337 1433 321 78 28 22 2 2
antarctic_sic_t_00381_date_01_06_2010 18101 3 1
antarctic_sic_t_00382_date_01_07_2010 22019 2 1 1
antarctic_sic_t_00383_date_01_08_2010 23366 71 12
antarctic_sic_t_00384_date_01_09_2010 22007 47 7 1 1 1
antarctic_sic_t_00385_date_01_10_2010 22424 58 21 14 7 4 1 1 1 1
antarctic_sic_t_00386_date_01_11_2010 8036 7239 115 76 71 25 22 19 14 12 9 6 6 5 5 5 4 3 2 2 2 2 2 2 2 2 1 1 1 1
antarctic_sic_t_00387_date_01_12_2010 1682 1151 816 783 392 372 62 51 29 21 16 14 14 11 11 9 7 3 3 3 3 2 2 1 1 1
antarctic_sic_t_00388_date_01_01_2011 1600 573 474 464 113 49 20 17 12 8 6 6 5 4 4 2 1 1 1 1 1
antarctic_sic_t_00389_date_01_02_2011 1391 383 259 168 138 66 32 9 8 4 1 1
antarctic_sic_t_00390_date_01_03_2011 1487 327 173 142 70 62 10 8 7 7 4 3
antarctic_sic_t_00391_date_01_04_2011 2148 757 535 448 372 223 160 31 19 18 17 13 6 1 1 1 1
antarctic_sic_t_00392_date_01_05_2011 5568 5222 133 1 1
antarctic_sic_t_00393_date_01_06_2011 9767 6631 3 1 1
antarctic_sic_t_00394_date_01_07_2011 18945 2
antarctic_sic_t_00395_date_01_08_2011 22222
antarctic_sic_t_00396_date_01_09_2011 22973
antarctic_sic_t_00397_date_01_10_2011 22605 4
antarctic_sic_t_00398_date_01_11_2011 9162 7034 727 90 26 23 11 1 1 1 1
antarctic_sic_t_00399_date_01_12_2011 3099 1281 1253 650 98 63 55 45 44 20 16 16 13 11 6 5 4 4 4 3 3 1 1 1 1 1 1 1 1 1
antarctic_sic_t_00400_date_01_01_2012 1940 916 356 254 117 92 74 43 39 39 31 26 18 13 11 10 7 7 2 2 1 1 1 1 1 1 1
antarctic_sic_t_00401_date_01_02_2012 1403 222 107 107 73 49 45 29 23 21 17 16 16 14 12 11 11 7 5 5 5 2 2 2 1 1 1
antarctic_sic_t_00402_date_01_03_2012 1758 206 187 161 35 35 26 25 20 17 16 13 5 4 4 4 3 3 2 2 2 1 1
antarctic_sic_t_00403_date_01_04_2012 3599 3019 334 63 59 32 27 7 7 4 2 2 1
antarctic_sic_t_00404_date_01_05_2012 6078 4731 982 71 8 3 1 1 1
antarctic_sic_t_00405_date_01_06_2012 16820
antarctic_sic_t_00406_date_01_07_2012 21256 1 1 1
antarctic_sic_t_00407_date_01_08_2012 23338 5 1
antarctic_sic_t_00408_date_01_09_2012 24658 2 2 1
antarctic_sic_t_00409_date_01_10_2012 22073 3 1
antarctic_sic_t_00410_date_01_11_2012 9012 7833 39 28 21 20 12 7 3 2 1 1
antarctic_sic_t_00411_date_01_12_2012 3924 2988 677 191 58 24 18 17 14 13 8 6 6 5 4 2 2 2 1 1 1
