0 13.33341 4.597705 51.37904 32.60622 98.16368 60.31422 61.52145 131.6047 127.1876 138.3618 121.2122 99.33755 123.5238 123.9399 138.4972 138.1668 154.9219 142.3922 127.3509 130.4299 141.5058 150.919 160.256 147.2058 134.4001 148.5393 160.3985 153.0413 150.8463 170.2403
13.33341 0 9.580249 64.093 19.32326 109.8487 47.44462 48.80013 142.9569 138.1091 147.5314 131.0864 88.07956 132.9153 113.7459 145.9235 145.1188 161.315 149.201 117.5007 120.9449 133.1413 154.9358 164.9641 150.1702 133.5098 141.1195 163.1456 145.9681 149.5169 166.6985
4.597705 9.580249 0 54.52064 28.51563 100.5613 55.9017 57.06356 133.8096 129.1415 139.4202 122.6057 94.74087 124.6796 119.4011 138.7732 138.2434 154.7828 142.4131 122.8443 125.9631 137.1921 149.8765 159.4719 145.7918 131.7659 144.383 158.921 148.9492 148.1027 166.9256
51.37904 64.093 54.52064 0 82.31637 48.71258 107.1098 107.6859 82.51364 79.50368 96.60955 77.53424 138.128 81.62414 157.4681 103.5592 105.1487 123.1193 109.6749 159.4017 160.9392 167.197 128.7206 134.7506 129.4266 132.6697 170.2784 142.5545 173.2252 149.4326 176.0392
32.60622 19.32326 28.51563 82.31637 0 126.4048 28.67799 30.30497 158.8729 153.4414 160.3673 145.021 71.62884 146.1757 98.71633 156.365 154.9133 170.1721 158.7546 102.9731 106.9533 120.7562 160.5247 171.4189 154.3314 132.3955 130.0961 166.8408 135.4192 147.508 161.2186
98.16368 109.8487 100.5613 48.71258 126.4048 0 147.6135 147.6486 33.81034 31.34929 54.14946 34.73848 170.2708 40.91282 183.9271 69.03163 72.8264 89.96035 77.06447 184.4595 184.5598 186.1804 105.7802 107.4489 111.2099 130.3495 185.5426 122.6595 186.8869 145.3329 176.2962
60.31422 47.44462 55.9017 107.1098 28.67799 147.6135 0 2.5 178.5497 172.2129 175.0341 161.6896 45.15267 161.7714 73.59618 167.4306 165.0341 178.5411 168.4235 78.46903 83.12374 98.91502 164.2109 176.1406 156.0617 127.0325 110.0065 167.5478 115.8916 140.2833 148.4878
61.52145 48.80013 57.06356 107.6859 30.30497 147.6486 2.5 0 178.3711 171.9405 174.3454 161.2106 42.85316 161.187 71.21489 166.4309 163.9588 177.3103 167.3073 76.05572 80.68293 96.42794 162.6531 174.6421 154.3826 124.974 107.5067 165.7913 113.3919 138.1182 146.102
131.6047 142.9569 133.8096 82.51364 158.8729 33.81034 178.5497 178.3711 0 9.183442 36.77973 26.69463 197.217 32.64966 207.7927 59.5063 65.07111 78.34035 68.12988 207.5895 206.9344 206.0069 102.2517 99.74886 111.0912 140.083 203.2945 120.0815 203.6722 152.8771 185.1821
127.1876 138.1091 129.1415 79.50368 153.4414 31.34929 172.2129 171.9405 9.183442 0 29.53865 17.52091 189.5552 23.62913 199.5143 51.28076 56.678 70.72273 59.94217 199.1991 198.4395 197.2238 93.66367 91.66527 102.233 130.8997 194.3431 111.47 194.6585 143.718 176.0106
138.3618 147.5314 139.4202 96.60955 160.3673 54.14946 175.0341 174.3454 36.77973 29.53865 0 19.62803 185.3428 15.06612 191.1099 23.8694 29.82195 41.57792 32.15422 189.945 188.3514 184.4813 67.03912 63.31537 77.14531 111.321 179.6644 84.80882 179.0929 122.1216 154.6053
121.2122 131.0864 122.6057 77.53424 145.021 34.73848 161.6896 161.2106 26.69463 17.52091 19.62803 0 175.9721 6.971607 184.462 36.23112 41.04364 56.77819 44.78546 183.8777 182.8651 180.9307 77.24433 76.37131 85.22824 113.4177 177.6098 94.94773 177.7532 126.2004 158.4899
99.33755 88.07956 94.74087 138.128 71.62884 170.2708 45.15267 42.85316 197.217 189.5552 185.3428 175.9721 0 174.2799 28.89222 172.2743 168.5009 178.4576 170.9707 34.23294 39.49278 57.16596 157.5219 170.3889 146.8322 109.0043 70.13895 155.9739 76.52614 118.1379 117.3534
123.5238 132.9153 124.6796 81.62414 146.1757 40.91282 161.7714 161.187 32.64966 23.62913 15.06612 6.971607 174.2799 0 181.7446 29.27456 34.07712 49.89214 37.8164 180.955 179.7418 177.1765 70.42175 69.40286 78.65272 108.0104 173.402 88.16237 173.3415 120.3935 152.7733
123.9399 113.7459 119.4011 157.4681 98.71633 183.9271 73.59618 71.21489 207.7927 199.5143 191.1099 184.462 28.89222 181.7446 0 175.0575 170.5528 177.8868 172.3473 5.921252 11.81836 30.69623 153.4249 166.406 141.5125 99.80086 44.91221 148.6462 51.4391 105.1632 97.41076
138.4972 145.9235 138.7732 103.5592 156.365 69.03163 167.4306 166.4309 59.5063 51.28076 23.8694 36.23112 172.2743 29.27456 175.0575 0 6.020797 20.92972 8.664872 173.3437 171.225 165.7318 43.19139 40.40454 53.38773 89.50559 159.8175 60.98912 158.7525 99.24717 131.6407
138.1668 145.1188 138.2434 105.1487 154.9133 72.8264 165.0341 163.9588 65.07111 56.678 29.82195 41.04364 168.5009 34.07712 170.5528 6.020797 0 18.00883 4.531004 168.7102 166.4695 160.6041 37.34143 35.32933 47.37615 83.7735 154.4477 55.16702 153.2753 93.30193 125.6742
154.9219 161.315 154.7828 123.1193 170.1721 89.96035 178.5411 177.3103 78.34035 70.72273 41.57792 56.77819 178.4576 49.89214 177.8868 20.92972 18.00883 0 13.47948 175.5149 172.7481 165.0595 30.56868 22.74366 43.20385 84.91577 157.4923 46.76087 155.5917 91.41163 122.8667
142.3922 149.201 142.4131 109.6749 158.7546 77.06447 168.4235 167.3073 68.12988 59.94217 32.15422 44.78546 170.9707 37.8164 172.3473 8.664872 4.531004 13.47948 0 170.3671 167.9891 161.6506 34.98667 31.7404 45.7988 83.80412 155.127 52.68989 153.7679 92.60518 124.8333
127.3509 117.5007 122.8443 159.4017 102.9731 184.4595 78.46903 76.05572 207.5895 199.1991 189.945 183.8777 34.23294 180.955 5.921252 173.3437 168.7102 175.5149 170.3671 0 5.913444 24.80059 150.4742 163.4322 138.384 96.19497 39.07807 145.1281 45.59897 100.8513 92.04235
130.4299 120.9449 125.9631 160.9392 106.9533 184.5598 83.12374 80.68293 206.9344 198.4395 188.3514 182.8651 39.49278 179.7418 11.81836 171.225 166.4695 172.7481 167.9891 5.913444 0 18.88716 147.1675 160.09 134.918 92.33065 33.18643 141.276 39.70265 96.28595 86.498
141.5058 133.1413 137.1921 167.197 120.7562 186.1804 98.91502 96.42794 206.0069 197.2238 184.4813 180.9307 57.16596 177.1765 30.69623 165.7318 160.6041 165.0595 161.6506 24.80059 18.88716 0 137.8141 150.5123 125.1173 81.6824 14.49669 130.0464 20.94098 82.88354 69.21756
150.919 154.9358 149.8765 128.7206 160.5247 105.7802 164.2109 162.6531 102.2517 93.66367 67.03912 77.24433 157.5219 70.42175 153.4249 43.19139 37.34143 30.56868 34.98667 150.4742 147.1675 137.8141 0 12.99091 13.0426 56.35053 129.203 17.83693 126.8247 61.15053 92.32898
160.256 164.9641 159.4719 134.7506 171.4189 107.4489 176.1406 174.6421 99.74886 91.66527 63.31537 76.37131 170.3889 69.40286 166.406 40.40454 35.32933 22.74366 31.7404 163.4322 160.09 150.5123 12.99091 0 25.40002 68.89853 141.6308 24.86447 139.0692 72.44374 102.6878
147.2058 150.1702 145.7918 129.4266 154.3314 111.2099 156.0617 154.3826 111.0912 102.233 77.14531 85.22824 146.8322 78.65272 141.5125 53.38773 47.37615 43.20385 45.7988 138.384 134.918 125.1173 13.0426 25.40002 0 43.50287 116.2871 13.34868 113.8342 48.23743 79.74621
134.4001 133.5098 131.7659 132.6697 132.3955 130.3495 127.0325 124.974 140.083 130.8997 111.321 113.4177 109.0043 108.0104 99.80086 89.50559 83.7735 84.91577 83.80412 96.19497 92.33065 81.6824 56.35053 68.89853 43.50287 0 72.87174 48.9494 70.70215 16.9071 45.95214
148.5393 141.1195 144.383 170.2784 130.0961 185.5426 110.0065 107.5067 203.2945 194.3431 179.6644 177.6098 70.13895 173.402 44.91221 159.8175 154.4477 157.4923 155.127 39.07807 33.18643 14.49669 129.203 141.6308 116.2871 72.87174 0 120.0831 6.529931 71.7766 55.27885
160.3985 163.1456 158.921 142.5545 166.8408 122.6595 167.5478 165.7913 120.0815 111.47 84.80882 94.94773 155.9739 88.16237 148.6462 60.98912 55.16702 46.76087 52.68989 145.1281 141.276 130.0464 17.83693 24.86447 13.34868 48.9494 120.0831 0 116.9782 49.11283 78.1911
153.0413 145.9681 148.9492 173.2252 135.4192 186.8869 115.8916 113.3919 203.6722 194.6585 179.0929 177.7532 76.52614 173.3415 51.4391 158.7525 153.2753 155.5917 153.7679 45.59897 39.70265 20.94098 126.8247 139.0692 113.8342 70.70215 6.529931 116.9782 0 68.21736 49.6735
150.8463 149.5169 148.1027 149.4326 147.508 145.3329 140.2833 138.1182 152.8771 143.718 122.1216 126.2004 118.1379 120.3935 105.1632 99.24717 93.30193 91.41163 92.60518 100.8513 96.28595 82.88354 61.15053 72.44374 48.23743 16.9071 71.7766 49.11283 68.21736 0 32.49436
170.2403 166.6985 166.9256 176.0392 161.2186 176.2962 148.4878 146.102 185.1821 176.0106 154.6053 158.4899 117.3534 152.7733 97.41076 131.6407 125.6742 122.8667 124.8333 92.04235 86.498 69.21756 92.32898 102.6878 79.74621 45.95214 55.27885 78.1911 49.6735 32.49436 0
