0 42.50322 28.56076 95.95138 24.08309 32.29767 36.04184 38.70313 42.89709 46.70496 128.915 131.8337 150.107 140.4943 144.074 143.4051 138.5822 136.0143 141.8657 148.6159 156.1058 151.7848 159.0635 166.8686 160.91 172.1174
42.50322 0 14.21844 58.09588 65.75144 74.00765 77.78624 80.36076 84.35921 88.12478 93.85598 98.81916 135.1457 118.9447 122.8144 168.6162 137.6603 140.3277 146.3492 171.4927 177.2935 155.9139 162.8188 183.7653 164.9291 181.6402
28.56076 14.21844 0 71.13384 52.2361 60.51085 64.2869 66.90478 70.99472 74.78803 106.1871 110.5045 141.0037 126.8986 130.7038 161.2699 138.7921 139.7292 145.7546 164.9487 171.35 155.5246 162.6107 179.2998 164.6489 179.6331
95.95138 58.09588 71.13384 0 115.566 123.1812 126.7405 128.9491 132.2643 135.6787 36.52801 43.16758 100.0512 76.68971 80.43568 184.9461 121.9351 131.3894 136.7585 184.2668 187.1905 144.5755 150.1525 187.1012 152.3879 174.9633
24.08309 65.75144 52.2361 115.566 0 8.274811 12.0522 14.6731 18.82233 22.62963 146.2501 147.973 155.9088 150.2071 153.5138 126.3107 136.9675 131.4885 137.0005 132.7503 141.0443 146.7608 154.0167 154.0298 155.6546 163.3881
32.29767 74.00765 60.51085 123.1812 8.274811 0 3.779513 6.408003 10.62132 14.42437 153.2886 154.7161 159.747 155.2242 158.4391 121.942 138.53 132.0798 137.4312 128.8914 137.4891 147.0716 154.2776 151.3328 155.8318 162.2495
36.04184 77.78624 64.2869 126.7405 12.0522 3.779513 0 2.687419 6.980131 10.74968 156.6179 157.9268 161.7415 157.723 160.8975 120.2191 139.5489 132.6721 137.9444 127.4093 136.1443 147.5199 154.6961 150.3842 156.211 162.0201
38.70313 80.36076 66.90478 128.9491 14.6731 6.408003 2.687419 0 4.301163 8.062258 158.574 159.7655 162.5347 158.9277 162.0675 118.4367 139.6066 132.4236 137.6369 125.7719 134.5896 147.1622 154.3146 149.0772 155.8012 161.1866
42.89709 84.35921 70.99472 132.2643 18.82233 10.62132 6.980131 4.301163 0 3.807887 161.4422 162.4331 163.4704 160.5382 163.6196 115.3359 139.3718 131.7061 136.8216 122.8874 131.8267 146.2603 153.3705 146.6875 154.8112 159.5267
46.70496 88.12478 74.78803 135.6787 22.62963 14.42437 10.74968 8.062258 3.807887 0 164.566 165.4207 165.1539 162.7544 165.7897 113.3039 140.0893 132.0038 137.0269 121.0849 130.1472 146.3802 153.4471 145.3841 154.8451 158.9326
128.915 93.85598 106.1871 36.52801 146.2501 153.2886 156.6179 158.574 161.4422 164.566 0 9.846478 81.63134 55.06771 57.99002 194.7563 116.058 129.1964 133.6163 191.9893 193.0329 139.5788 143.8183 188.9012 145.9742 171.0106
131.8337 98.81916 110.5045 43.16758 147.973 154.7161 157.9268 159.7655 162.4331 165.4207 9.846478 0 72.28435 45.61798 48.41028 189.686 108.3005 122.0041 126.2059 186.4472 187.0665 131.7881 135.7719 182.1107 137.9021 163.2302
150.107 135.1457 141.0037 100.0512 155.9088 159.747 161.7415 162.5347 163.4704 165.1539 81.63134 72.28435 0 26.7111 24.39631 142.9446 47.41687 64.34002 66.12581 136.3626 133.7843 68.04843 69.8153 123.0526 71.65164 97.98499
140.4943 118.9447 126.8986 76.68971 150.2071 155.2242 157.723 158.9277 160.5382 162.7544 55.06771 45.61798 26.7111 0 3.901567 158.9373 68 83.7735 86.85899 153.7077 152.489 90.69213 93.60021 144.1847 95.60335 121.6948
144.074 122.8144 130.7038 80.43568 153.5138 158.4391 160.8975 162.0675 163.6196 165.7897 57.99002 48.41028 24.39631 3.901567 0 159.6224 67.56149 83.64542 86.49087 154.1486 152.6757 89.92128 92.55029 143.8627 94.5122 120.7127
143.4051 168.6162 161.2699 184.9461 126.3107 121.942 120.2191 118.4367 115.3359 113.3039 194.7563 189.686 142.9446 158.9373 159.6224 0 96.28713 79.33872 79.24994 11.25739 21.12609 82.22964 85.57148 42.00508 85.27869 70.57229
138.5822 137.6603 138.7921 121.9351 136.9675 138.53 139.5489 139.6066 139.3718 140.0893 116.058 108.3005 47.41687 68 67.56149 96.28713 0 17.02939 18.95129 89.18555 86.37037 23.521 28.30194 76.3153 30.52868 54.95701
136.0143 140.3277 139.7292 131.3894 131.4885 132.0798 132.6721 132.4236 131.7061 132.0038 129.1964 122.0041 64.34002 83.7735 83.64542 79.33872 17.02939 0 6.031041 72.15651 69.48432 15.85869 23.08679 60.57083 25.01999 43.61931
141.8657 146.3492 145.7546 136.7585 137.0005 137.4312 137.9444 137.6369 136.8216 137.0269 133.6163 126.2059 66.12581 86.85899 86.49087 79.24994 18.95129 6.031041 0 71.39983 67.91673 9.920436 17.19936 57.37279 19.06818 38.22187
148.6159 171.4927 164.9487 184.2668 132.7503 128.8914 127.4093 125.7719 122.8874 121.0849 191.9893 186.4472 136.3626 153.7077 154.1486 11.25739 89.18555 72.15651 71.39983 0 10.10365 73.43043 76.21721 30.75406 75.7566 59.70982
156.1058 177.2935 171.35 187.1905 141.0443 137.4891 136.1443 134.5896 131.8267 130.1472 193.0329 187.0665 133.7843 152.489 152.6757 21.12609 86.37037 69.48432 67.91673 10.10365 0 68.6597 70.61873 21.14261 69.91216 51.60004
151.7848 155.9139 155.5246 144.5755 146.7608 147.0716 147.5199 147.1622 146.2603 146.3802 139.5788 131.7881 68.04843 90.69213 89.92128 82.22964 23.521 15.85869 9.920436 73.43043 68.6597 0 7.290424 55.33496 9.16149 31.44428
159.0635 162.8188 162.6107 150.1525 154.0167 154.2776 154.6961 154.3146 153.3705 153.4471 143.8183 135.7719 69.8153 93.60021 92.55029 85.57148 28.30194 23.08679 17.19936 76.21721 70.61873 7.290424 0 55.48085 2.236068 28.19779
166.8686 183.7653 179.2998 187.1012 154.0298 151.3328 150.3842 149.0772 146.6875 145.3841 188.9012 182.1107 123.0526 144.1847 143.8627 42.00508 76.3153 60.57083 57.37279 30.75406 21.14261 55.33496 55.48085 0 54.30124 32.17267
160.91 164.9291 164.6489 152.3879 155.6546 155.8318 156.211 155.8012 154.8112 154.8451 145.9742 137.9021 71.65164 95.60335 94.5122 85.27869 30.52868 25.01999 19.06818 75.7566 69.91216 9.16149 2.236068 54.30124 0 26.33441
172.1174 181.6402 179.6331 174.9633 163.3881 162.2495 162.0201 161.1866 159.5267 158.9326 171.0106 163.2302 97.98499 121.6948 120.7127 70.57229 54.95701 43.61931 38.22187 59.70982 51.60004 31.44428 28.19779 32.17267 26.33441 0
