0 2.915476 4.472136 9.900284 20.22436 93.30497 34.16973 52.85121 64.2067 131.408 126.6694 150.1653 102.6938 89.15226 132.2692 136.8622 138.811 143.7969 141.23 147.218 153.7601 138.0507 150.3479 158.0533 154.365 152.4729 166.8394 169.5068 174.1511
2.915476 0 2.54951 7.010037 17.34876 95.19679 31.29377 49.96249 61.29437 133.2397 128.3572 150.5442 99.86406 86.35465 129.5917 137.5327 139.3879 144.3321 138.6999 144.7507 153.6273 136.8959 148.0034 155.7788 153.1319 151.1969 164.7304 167.376 172.4245
4.472136 2.54951 0 6.206096 17.11797 93.97867 30.96272 49.5101 60.60116 131.9472 126.9327 148.291 98.46921 84.87123 127.8594 135.4151 137.2243 142.1482 136.7641 142.7461 151.1989 134.3503 145.8852 153.6057 150.5918 148.6607 162.4494 165.1077 169.9786
9.900284 7.010037 6.206096 0 10.97495 99.1056 24.76322 43.30578 54.44851 136.9245 131.6807 150.5905 92.88452 79.41239 122.8204 138.3099 139.9335 144.7678 132.1848 138.3517 152.4403 133.3408 141.842 149.7545 149.3773 147.3466 159.0419 161.641 167.55
20.22436 17.34876 17.11797 10.97495 0 109.2889 13.94586 32.63437 44.15342 146.8933 141.381 156.8496 84.36662 71.31087 115.581 145.4913 146.8378 151.525 125.9783 132.535 157.0381 134.2065 136.7741 145.0655 149.7999 147.5975 155.2375 157.7082 165.6471
93.30497 95.19679 93.97867 99.1056 109.2889 0 121.1286 136.9341 144.5853 38.1924 34.657 87.8517 166.3345 152.7765 182.4919 68.53004 72.86302 78.04727 182.6352 184.7992 106.4915 127.819 181.9141 185.473 143.156 143.1273 186.0658 189.275 177.3091
34.16973 31.29377 30.96272 24.76322 13.94586 121.1286 0 18.71379 30.49315 158.2805 152.3548 162.9023 72.40369 59.99257 104.9031 152.849 153.813 158.2759 116.4625 123.4457 160.8923 133.4415 128.5635 137.263 148.3371 145.9343 148.4539 150.7534 161.151
52.85121 49.96249 49.5101 43.30578 32.63437 136.9341 18.71379 0 12.41974 173.3488 166.9277 171.1969 56.78602 45.91432 90.85884 162.8895 163.3623 167.5008 104.0422 111.5736 166.3788 133.2151 117.9248 127.1114 146.937 144.2957 139.639 141.6691 155.4187
64.2067 61.29437 60.60116 54.44851 44.15342 144.5853 30.49315 12.41974 0 180.1897 173.3672 172.8029 44.87262 35.00893 79.42026 165.8109 165.9217 169.7983 93.30277 101.0651 166.057 129.4005 108.0185 117.4088 142.2488 139.4794 130.5898 132.4615 148.0314
131.408 133.2397 131.9472 136.9245 146.8933 38.1924 158.2805 173.3488 180.1897 0 9.373279 78.56429 197.7142 184.7297 209.7095 59.95676 64.86765 68.6183 207.306 208.2021 103.3585 139.5405 203.5984 205.6074 152.5597 153.3103 203.3892 206.5913 189.3473
126.6694 128.3572 126.9327 131.6807 141.381 34.657 152.3548 166.9277 173.3672 9.373279 0 70.57301 189.6288 176.7915 200.9505 51.56407 56.48849 60.50384 198.2919 199.089 94.80248 130.1841 194.3835 196.3207 143.272 143.9986 194.0297 197.231 180.0099
150.1653 150.5442 148.291 150.5905 156.8496 87.8517 162.9023 171.1969 172.8029 78.56429 70.57301 0 171.5666 161.9649 170.2964 19.66082 15.029 10.17038 161.8854 159.8618 26.9102 77.43783 152.0198 150.8102 85.12685 86.90717 143.6994 146.6684 122.5299
102.6938 99.86406 98.46921 92.88452 84.36662 166.3345 72.40369 56.78602 44.87262 197.7142 189.6288 171.5666 0 14.0985 35.12452 169.6259 168.4284 171.1879 50.75841 59.0593 158.1629 110.8841 67.83883 77.62539 119.656 116.5694 92.64064 93.91893 115.3287
89.15226 86.35465 84.87123 79.41239 71.31087 152.7765 59.99257 45.91432 35.00893 184.7297 176.7915 161.9649 14.0985 0 45.09599 158.8761 157.9513 160.9746 58.30443 66.06292 150.1943 105.7976 73.28455 82.80923 116.2118 113.2172 96.60965 98.2913 116.3962
132.2692 129.5917 127.8594 122.8204 115.581 182.4919 104.9031 90.85884 79.42026 209.7095 200.9505 170.2964 35.12452 45.09599 0 172.3939 170.2432 171.999 17.78092 26.17642 152.2241 99.33331 36.86226 46.40881 103.4753 100.3441 62.65537 63.22247 89.57154
136.8622 137.5327 135.4151 138.3099 145.4913 68.53004 152.849 162.8895 165.8109 59.95676 51.56407 19.66082 169.6259 158.8761 172.3939 0 4.924429 9.573827 165.8524 164.8089 43.44147 86.31483 158.0166 157.9794 96.75642 98.05738 152.6783 155.7716 134.3209
138.811 139.3879 137.2243 139.9335 146.8378 72.86302 153.813 163.3623 165.9217 64.86765 56.48849 15.029 168.4284 157.9513 170.2432 4.924429 0 5.376631 163.2786 162.0232 38.56629 82.59843 155.0032 154.7279 92.5998 93.98138 149.0694 152.1427 130.1929
143.7969 144.3321 142.1482 144.7678 151.525 78.04727 158.2759 167.5008 169.7983 68.6183 60.50384 10.17038 171.1879 160.9746 171.999 9.573827 5.376631 0 164.5336 163.0085 35.50744 82.34844 155.6894 155.076 91.50286 93.04289 148.8732 151.9104 129.0888
141.23 138.6999 136.7641 132.1848 125.9783 182.6352 116.4625 104.0422 93.30277 207.306 198.2919 161.8854 50.75841 58.30443 17.78092 165.8524 163.2786 164.5336 0 8.487096 141.9698 87.76905 19.18088 28.63472 89.73969 86.66548 44.9417 45.44827 72.57014
147.218 144.7507 142.7461 138.3517 132.535 184.7992 123.4457 111.5736 101.0651 208.2021 199.089 159.8618 59.0593 66.06292 26.17642 164.8089 162.0232 163.0085 8.487096 0 138.9992 84.38599 11.46563 20.42077 84.92004 81.91014 36.8639 37.1921 65.29397
153.7601 153.6273 151.1989 152.4403 157.0381 106.4915 160.8923 166.3788 166.057 103.3585 94.80248 26.9102 158.1629 150.1943 152.2241 43.44147 38.56629 35.50744 141.9698 138.9992 0 54.74598 130.2608 128.0105 59.74208 61.84246 119.4964 122.345 96.63141
138.0507 136.8959 134.3503 133.3408 134.2065 127.819 133.4415 133.2151 129.4005 139.5405 130.1841 77.43783 110.8841 105.7976 99.33331 86.31483 82.59843 82.34844 87.76905 84.38599 54.74598 0 75.5149 73.53205 16.82921 15.81139 66.52669 69.5741 50.0047
150.3479 148.0034 145.8852 141.842 136.7741 181.9141 128.5635 117.9248 108.0185 203.5984 194.3835 152.0198 67.83883 73.28455 36.86226 158.0166 155.0032 155.6894 19.18088 11.46563 130.2608 75.5149 0 9.808817 74.72208 71.78092 25.79341 26.48375 53.82886
158.0533 155.7788 153.6057 149.7545 145.0655 185.473 137.263 127.1114 117.4088 205.6074 196.3207 150.8102 77.62539 82.80923 46.40881 157.9794 154.7279 155.076 28.63472 20.42077 128.0105 73.53205 9.808817 0 70.62074 67.84238 16.48561 16.81386 45.94513
154.365 153.1319 150.5918 149.3773 149.7999 143.156 148.3371 146.937 142.2488 152.5597 143.272 85.12685 119.656 116.2118 103.4753 96.75642 92.5998 91.50286 89.73969 84.92004 59.74208 16.82921 74.72208 70.62074 0 3.14466 60.26681 62.97971 37.60074
152.4729 151.1969 148.6607 147.3466 147.5975 143.1273 145.9343 144.2957 139.4794 153.3103 143.9986 86.90717 116.5694 113.2172 100.3441 98.05738 93.98138 93.04289 86.66548 81.91014 61.84246 15.81139 71.78092 67.84238 3.14466 0 57.84289 60.61261 36.30395
166.8394 164.7304 162.4494 159.0419 155.2375 186.0658 148.4539 139.639 130.5898 203.3892 194.0297 143.6994 92.64064 96.60965 62.65537 152.6783 149.0694 148.8732 44.9417 36.8639 119.4964 66.52669 25.79341 16.48561 60.26681 57.84289 0 3.218005 30.54133
169.5068 167.376 165.1077 161.641 157.7082 189.275 150.7534 141.6691 132.4615 206.5913 197.231 146.6684 93.91893 98.2913 63.22247 155.7716 152.1427 151.9104 45.44827 37.1921 122.345 69.5741 26.48375 16.81386 62.97971 60.61261 3.218005 0 32.05932
174.1511 172.4245 169.9786 167.55 165.6471 177.3091 161.151 155.4187 148.0314 189.3473 180.0099 122.5299 115.3287 116.3962 89.57154 134.3209 130.1929 129.0888 72.57014 65.29397 96.63141 50.0047 53.82886 45.94513 37.60074 36.30395 30.54133 32.05932 0
