0 60.06115 57.04188 53.91101 96.87894 116.9791 110.2743 124.067 133.5923 36.91342 160.4806 47.17955 47.24749 171.421 55.26747 55.85604 69.24868 175.975 185.5258 74.25021 78.22074 185.379 88.08638 124.2267 187.7208 133.5456 186.8854 189.4904 183.6359 164.8292
60.06115 0 3.020761 6.174545 42.06691 63.90638 56.2861 71.61791 82.28617 94.98697 120.9824 103.5689 97.68892 133.8013 106.3359 105.0863 120.1336 141.7909 155.5133 116.6527 119.4304 159.3303 129.8696 143.8134 167.421 139.5838 170.1736 175.188 183.9142 170.9477
57.04188 3.020761 0 3.162278 44.55334 66.34603 58.77287 74.03546 84.6496 92.02174 122.648 100.6546 94.92102 135.386 103.5737 102.3743 117.4062 143.1859 156.6959 114.1953 117.0239 160.2922 127.4755 142.3692 168.0786 138.7552 170.6402 175.5366 183.5227 170.2293
53.91101 6.174545 3.162278 0 47.38143 69.11979 61.58937 76.78704 87.35114 89.00562 124.7069 97.71914 92.19544 137.3638 100.8539 99.72211 114.7304 144.9803 158.2801 111.8655 114.7563 161.6585 125.2198 141.2139 169.1391 138.2787 171.5067 176.2816 183.4964 169.8588
96.87894 42.06691 44.55334 47.38143 0 21.86522 14.22146 29.60152 40.37188 127.6127 83.23427 134.1796 124.6796 96.55027 132.8309 130.4933 145.3148 106.1685 121.7513 136.3533 138.0377 127.8175 147.8005 145.0801 139.142 131.8484 144.0783 150.3957 168.4274 160.3777
116.9791 63.90638 66.34603 69.11979 21.86522 0 7.774435 7.747591 18.59783 145.8387 64.87857 151.5471 140.8414 78.28494 148.6236 145.9064 160.3316 88.96729 105.5887 149.2862 150.4608 113.1046 159.6868 149.2007 126.3519 131.7052 132.5922 139.5924 162.8117 157.7476
110.2743 56.2861 58.77287 61.58937 14.22146 7.774435 0 15.50806 26.37181 139.9309 71.75465 145.9849 135.7323 85.16458 143.6663 141.0895 155.6849 95.52429 111.8385 145.4034 146.7687 118.889 156.209 148.5138 131.5174 132.4849 137.3283 144.11 165.5884 159.4718
124.067 71.61791 74.03546 76.78704 29.60152 7.747591 15.50806 0 10.88449 152.2736 58.63593 157.6905 146.616 71.98569 154.258 151.4241 165.6824 83.06048 100.0227 153.981 154.9834 108.0827 164.0008 150.9257 122.0192 132.0388 128.7316 135.9594 161.0079 157.0486
133.5923 82.28617 84.6496 87.35114 40.37188 18.59783 26.37181 10.88449 0 160.7556 49.67636 165.7275 154.1327 62.82975 161.5533 158.5562 172.5403 74.40345 91.76116 159.9226 160.6761 100.5508 169.3701 152.682 115.3928 131.9364 122.7387 130.2549 157.7679 155.3734
36.91342 94.98697 92.02174 89.00562 127.6127 145.8387 139.9309 152.2736 160.7556 0 179.6788 11.26045 21.0238 189.022 24.99485 27.87293 36.63172 191.3487 197.995 49.32094 53.666 195.49 61.46544 110.3308 194.2747 127.7725 191.3177 192.3328 177.8248 156.4621
160.4806 120.9824 122.648 124.7069 83.23427 64.87857 71.75465 58.63593 49.67636 179.6788 0 181.7584 167.715 13.4123 173.5241 169.7736 181.5823 24.79793 42.45836 164.7209 164.1496 52.46084 170.7291 137.7004 69.2545 110.1568 78.25075 86.42196 121.5122 125.3543
47.17955 103.5689 100.6546 97.71914 134.1796 151.5471 145.9849 157.6905 165.7275 11.26045 181.7584 0 15.56009 190.5073 15.81621 19.56468 25.70864 192.0947 197.7703 40.50754 44.7901 194.5461 51.69896 103.2781 192.2506 122.7955 188.6772 189.2129 172.3214 150.4178
47.24749 97.68892 94.92102 92.19544 124.6796 140.8414 135.7323 146.616 154.1327 21.0238 167.715 15.56009 0 176.1008 8.66305 8.631338 22.72996 177.3178 182.6118 29.10708 33.42155 179.1886 42.19005 89.33233 176.7191 107.6151 173.1172 173.6679 157.3901 135.7645
171.421 133.8013 135.386 137.3638 96.55027 78.28494 85.16458 71.98569 62.82975 189.022 13.4123 190.5073 176.1008 0 181.5084 177.638 188.8437 12.73587 30.57183 171.2154 170.3419 41.84367 176.3285 139.4624 59.804 110.4697 69.66672 78.03655 116.1126 122.3646
55.26747 106.3359 103.5737 100.8539 132.8309 148.6236 143.6663 154.258 161.5533 24.99485 173.5241 15.81621 8.66305 181.5084 0 4.279386 14.15504 182.2327 186.8324 24.72032 29.02496 182.8891 36.47064 87.62999 179.5874 108.0884 175.4922 175.6385 157.2158 135.0825
55.85604 105.0863 102.3743 99.72211 130.4933 145.9064 141.0895 151.4241 158.5562 27.87293 169.7736 19.56468 8.631338 177.638 4.279386 0 15.09575 178.243 182.714 21.44891 25.79341 178.702 33.94849 83.71688 175.3313 103.8677 171.2172 171.3591 153.0729 131.0057
69.24868 120.1336 117.4062 114.7304 145.3148 160.3316 155.6849 165.6824 172.5403 36.63172 181.5823 25.70864 22.72996 188.8437 14.15504 15.09575 0 188.7194 192.1219 20.87408 24.21281 187.3181 27.89707 84.10591 182.6414 107.7929 177.7481 177.2255 155.3954 132.6012
175.975 141.7909 143.1859 144.9803 106.1685 88.96729 95.52429 83.06048 74.40345 191.3487 24.79793 192.0947 177.3178 12.73587 182.2327 178.243 188.7194 0 17.89044 170.3435 169.1552 29.20682 174.4959 134.2211 47.45617 104.2456 57.6337 66.04557 105.5615 113.4104
185.5258 155.5133 156.6959 158.2801 121.7513 105.5887 111.8385 100.0227 91.76116 197.995 42.45836 197.7703 182.6118 30.57183 186.8324 182.714 192.1219 17.89044 0 172.8682 171.253 12.8867 175.636 130.7652 31.74647 99.7685 42.679 51.02509 93.25072 104.0474
74.25021 116.6527 114.1953 111.8655 136.3533 149.2862 145.4034 153.981 159.9226 49.32094 164.7209 40.50754 29.10708 171.2154 24.72032 21.44891 20.87408 170.3435 172.8682 0 4.346135 167.5746 13.9244 63.85721 162.2998 86.91886 157.1654 156.4939 134.713 112.0679
78.22074 119.4304 117.0239 114.7563 138.0377 150.4608 146.7687 154.9834 160.6761 53.666 164.1496 44.7901 33.42155 170.3419 29.02496 25.79341 24.21281 169.1552 171.253 4.346135 0 165.6848 10.47855 60.02852 159.991 83.8284 154.6311 153.7729 131.1826 108.4149
185.379 159.3303 160.2922 161.6585 127.8175 113.1046 118.889 108.0827 100.5508 195.49 52.46084 194.5461 179.1886 41.84367 182.8891 178.702 187.3181 29.20682 12.8867 167.5746 165.6848 0 169.4184 122.0635 18.86961 90.79657 29.80494 38.13982 80.75276 92.55818
88.08638 129.8696 127.4755 125.2198 147.8005 159.6868 156.209 164.0008 169.3701 61.46544 170.7291 51.69896 42.19005 176.3285 36.47064 33.94849 27.89707 174.4959 175.636 13.9244 10.47855 169.4184 0 57.93008 162.6436 84.48077 156.6607 155.2466 129.8682 106.6771
124.2267 143.8134 142.3692 141.2139 145.0801 149.2007 148.5138 150.9257 152.682 110.3308 137.7004 103.2781 89.33233 139.4624 87.62999 83.71688 84.10591 134.2211 130.7652 63.85721 60.02852 122.0635 57.93008 0 111.6208 31.32016 103.9043 101.0585 71.97862 48.74838
187.7208 167.421 168.0786 169.1391 139.142 126.3519 131.5174 122.0192 115.3928 194.2747 69.2545 192.2506 176.7191 59.804 179.5874 175.3313 182.6414 47.45617 31.74647 162.2998 159.991 18.86961 162.6436 111.6208 0 80.45579 11.20824 19.35617 63.08826 77.1206
133.5456 139.5838 138.7552 138.2787 131.8484 131.7052 132.4849 132.0388 131.9364 127.7725 110.1568 122.7955 107.6151 110.4697 108.0884 103.8677 107.7929 104.2456 99.7685 86.91886 83.8284 90.79657 84.48077 31.32016 80.45579 0 73.15437 70.99939 50.42787 31.95309
186.8854 170.1736 170.6402 171.5067 144.0783 132.5922 137.3283 128.7316 122.7387 191.3177 78.25075 188.6772 173.1172 69.66672 175.4922 171.2172 177.7481 57.6337 42.679 157.1654 154.6311 29.80494 156.6607 103.9043 11.20824 73.15437 0 8.421664 51.99456 66.94447
189.4904 175.188 175.5366 176.2816 150.3957 139.5924 144.11 135.9594 130.2549 192.3328 86.42196 189.2129 173.6679 78.03655 175.6385 171.3591 177.2255 66.04557 51.02509 156.4939 153.7729 38.13982 155.2466 101.0585 19.35617 70.99939 8.421664 0 44.7655 61.40294
183.6359 183.9142 183.5227 183.4964 168.4274 162.8117 165.5884 161.0079 157.7679 177.8248 121.5122 172.3214 157.3901 116.1126 157.2158 153.0729 155.3954 105.5615 93.25072 134.713 131.1826 80.75276 129.8682 71.97862 63.08826 50.42787 51.99456 44.7655 0 23.50487
164.8292 170.9477 170.2293 169.8588 160.3777 157.7476 159.4718 157.0486 155.3734 156.4621 125.3543 150.4178 135.7645 122.3646 135.0825 131.0057 132.6012 113.4104 104.0474 112.0679 108.4149 92.55818 106.6771 48.74838 77.1206 31.95309 66.94447 61.40294 23.50487 0
