antarctic_sic_t_00001_date_01_10_1978 27119 1
antarctic_sic_t_00002_date_01_11_1978 23332 17 1
antarctic_sic_t_00001_date_01_10_1978 27119 1
antarctic_sic_t_00002_date_01_11_1978 23332 17 1
antarctic_sic_t_00001_date_01_10_1978 27119 1
antarctic_sic_t_00002_date_01_11_1978 23332 17 1
antarctic_sic_t_00001_date_01_10_1978 27119 1
antarctic_sic_t_00002_date_01_11_1978 23332 17 1
antarctic_sic_t_00001_date_01_10_1978 27119 1
antarctic_sic_t_00002_date_01_11_1978 23332 17 1
antarctic_sic_t_00001_date_01_10_1978 27119 1
antarctic_sic_t_00002_date_01_11_1978 23332 17 1
antarctic_sic_t_00003_date_01_12_1978 6541 6110 776 157 100 94 60 20 12 7 3 1
antarctic_sic_t_00004_date_01_01_1979 2372 1686 492 419 398 274 168 117 101 85 39 34 33 31 30 21 8 5 5 3 3 2 1
antarctic_sic_t_00005_date_01_02_1979 1600 1361 374 221 199 48 35 28 22 21 7 4 3 3 2 2 1 1 1
antarctic_sic_t_00006_date_01_03_1979 2377 1455 563 206 102 77 72 57 48 39 27 17 7 7 7 5 4 3 3 2 1 1 1 1 1 1
antarctic_sic_t_00007_date_01_04_1979 4627 3770 2269 242 48 2 2 2 1 1 1
antarctic_sic_t_00008_date_01_05_1979 16482 1
antarctic_sic_t_00009_date_01_06_1979 21737
antarctic_sic_t_00010_date_01_07_1979 25662
antarctic_sic_t_00011_date_01_08_1979 27285
antarctic_sic_t_00012_date_01_09_1979 28042
antarctic_sic_t_00013_date_01_10_1979 27443
antarctic_sic_t_00014_date_01_11_1979 22744
antarctic_sic_t_00015_date_01_12_1979 3830 3654 1431 616 402 298 189 159 134 131 116 63 58 21 12 4 3 2 2 2 2 1 1
antarctic_sic_t_00016_date_01_01_1980 2410 2019 375 237 134 73 50 46 44 34 33 24 24 22 22 21 18 11 9 7 7 7 4 4 4 4 3 3 3 2 1 1 1 1 1 1
antarctic_sic_t_00017_date_01_02_1980 1492 1402 241 57 46 42 42 19 12 11 9 6 4 3 3 2 2 2 2 2 1 1 1 1 1 1
antarctic_sic_t_00018_date_01_03_1980 1970 1614 215 97 88 84 41 30 29 5 5 5 2 2 2 2 1 1 1 1 1 1
antarctic_sic_t_00019_date_01_04_1980 3209 3124 482 388 54 40 12 9 6 5 3 3 2 1 1 1 1 1 1
antarctic_sic_t_00020_date_01_05_1980 7145 5926 1 1
antarctic_sic_t_00021_date_01_06_1980 18964
antarctic_sic_t_00022_date_01_07_1980 23992
antarctic_sic_t_00023_date_01_08_1980 27786
antarctic_sic_t_00024_date_01_09_1980 29343
antarctic_sic_t_00025_date_01_10_1980 28868
antarctic_sic_t_00026_date_01_11_1980 24007 7 4 2 1
antarctic_sic_t_00027_date_01_12_1980 5165 4907 1494 1086 315 41 32 6 2 2 1 1 1 1
antarctic_sic_t_00028_date_01_01_1981 1590 1533 638 528 457 258 196 30 23 20 20 19 7 7 3 3 3 3 2 2 2 2 1 1 1 1
antarctic_sic_t_00029_date_01_02_1981 1174 895 537 297 139 127 83 62 49 12 5 5 4 2 2 1 1 1 1
antarctic_sic_t_00030_date_01_03_1981 2152 1387 305 213 46 46 42 39 27 22 11 7 5 4 3 3 2 1 1 1
antarctic_sic_t_00031_date_01_04_1981 4343 2237 1073 268 63 53 51 49 24 7 1 1 1 1
antarctic_sic_t_00032_date_01_05_1981 13908 1
antarctic_sic_t_00033_date_01_06_1981 20072
antarctic_sic_t_00034_date_01_07_1981 24788
antarctic_sic_t_00035_date_01_08_1981 27600
antarctic_sic_t_00036_date_01_09_1981 28769 1
antarctic_sic_t_00037_date_01_10_1981 28140
antarctic_sic_t_00038_date_01_11_1981 24421
antarctic_sic_t_00039_date_01_12_1981 6433 4563 970 666 428 240 204 96 77 9 4 2 1 1 1
antarctic_sic_t_00040_date_01_01_1982 3536 2065 362 289 42 28 19 18 11 4 2 2 1 1 1 1
antarctic_sic_t_00041_date_01_02_1982 1660 1471 293 206 52 35 28 25 20 7 5 5 4 4 3 2 1 1 1
antarctic_sic_t_00042_date_01_03_1982 2790 1924 368 95 85 56 49 34 25 23 16 9 8 4 2 2 2 2 1 1 1 1 1 1
antarctic_sic_t_00043_date_01_04_1982 7885 3005 410 46 18 2
antarctic_sic_t_00044_date_01_05_1982 16161 1
antarctic_sic_t_00045_date_01_06_1982 20596
antarctic_sic_t_00046_date_01_07_1982 24426
antarctic_sic_t_00047_date_01_08_1982 27795
antarctic_sic_t_00048_date_01_09_1982 28569
antarctic_sic_t_00049_date_01_10_1982 27328
antarctic_sic_t_00050_date_01_11_1982 23023 7 2
antarctic_sic_t_00051_date_01_12_1982 5707 5327 551 273 118 78 52 8 7 2 2 2 1
antarctic_sic_t_00052_date_01_01_1983 2427 2162 418 176 158 115 97 67 35 33 28 18 13 7 6 5 4 3 2 2 2 1 1 1 1 1 1 1 1 1
antarctic_sic_t_00053_date_01_02_1983 1615 1448 223 69 62 55 39 16 16 12 11 8 7 7 5 4 3 3 2 2 1 1 1 1 1 1
antarctic_sic_t_00054_date_01_03_1983 2758 2019 327 106 39 18 16 5 4 3 3 2 1 1 1
antarctic_sic_t_00055_date_01_04_1983 3900 3610 624 429 382 148 80 33 26 6 2 1
antarctic_sic_t_00056_date_01_05_1983 8504 5081 382 12 6 2 1 1
antarctic_sic_t_00057_date_01_06_1983 19132 1
antarctic_sic_t_00058_date_01_07_1983 23907 1
antarctic_sic_t_00059_date_01_08_1983 26755
antarctic_sic_t_00060_date_01_09_1983 28857
antarctic_sic_t_00061_date_01_10_1983 27695
antarctic_sic_t_00062_date_01_11_1983 23754 22 1
antarctic_sic_t_00063_date_01_12_1983 4713 4396 2561 1076 387 22 7 5 3 1 1
antarctic_sic_t_00064_date_01_01_1984 1834 1627 650 347 122 90 51 44 32 28 25 19 16 9 7 7 3 2 1 1 1 1 1
antarctic_sic_t_00065_date_01_02_1984 1462 665 307 241 158 138 113 66 21 18 17 15 14 11 10 7 3 3 2 1 1 1 1
antarctic_sic_t_00066_date_01_03_1984 2030 1794 357 177 84 71 41 17 17 15 9 5 4 4 3 2 2 2 2 1 1 1 1 1
antarctic_sic_t_00067_date_01_04_1984 4683 2994 725 579 16 2 2 2 1 1
antarctic_sic_t_00068_date_01_05_1984 14679 9 1
antarctic_sic_t_00069_date_01_06_1984 20322 5 1
antarctic_sic_t_00070_date_01_07_1984 25519
antarctic_sic_t_00071_date_01_08_1984 27596
antarctic_sic_t_00072_date_01_09_1984 28027
antarctic_sic_t_00073_date_01_10_1984 27143
antarctic_sic_t_00074_date_01_11_1984 15892 8336 31
antarctic_sic_t_00075_date_01_12_1984 7231 5547 630 338 169 51 40 24 2 2 2 1 1 1
antarctic_sic_t_00076_date_01_01_1985 2292 1545 441 326 189 50 31 26 25 22 20 19 16 13 12 5 4 4 4 3 3 3 1 1 1 1
antarctic_sic_t_00077_date_01_02_1985 1641 1226 248 195 55 48 35 19 9 9 7 6 4 3 2 1 1 1 1 1 1
antarctic_sic_t_00078_date_01_03_1985 2839 1424 356 253 39 31 20 17 12 4 2 2 1
antarctic_sic_t_00079_date_01_04_1985 5222 2864 865 262 88 55 31 2 1 1
antarctic_sic_t_00080_date_01_05_1985 15331 1 1
antarctic_sic_t_00081_date_01_06_1985 20689
antarctic_sic_t_00082_date_01_07_1985 24357 1
antarctic_sic_t_00083_date_01_08_1985 27543
antarctic_sic_t_00084_date_01_09_1985 29093
antarctic_sic_t_00085_date_01_10_1985 28172
antarctic_sic_t_00086_date_01_11_1985 15682 8788 23
antarctic_sic_t_00087_date_01_12_1985 6312 5860 1750 968 46 16 12 9 7 4 4 4 3 3 2 2 1 1 1
antarctic_sic_t_00088_date_01_01_1986 3107 1817 441 333 208 140 43 42 23 17 12 11 8 4 2 1
antarctic_sic_t_00089_date_01_02_1986 1862 1375 155 146 127 74 44 37 15 13 13 12 12 9 8 8 7 3 3 2 2 1 1 1
antarctic_sic_t_00090_date_01_03_1986 2693 1386 142 113 91 58 52 33 20 6 5 4 3 3 2 2 2 2 1 1 1
antarctic_sic_t_00091_date_01_04_1986 5460 2553 471 285 194 75 50 37 20 13 4 3 3 2 2 2 1 1 1 1
antarctic_sic_t_00092_date_01_05_1986 7412 6518 2
antarctic_sic_t_00093_date_01_06_1986 19151
antarctic_sic_t_00094_date_01_07_1986 23612
antarctic_sic_t_00095_date_01_08_1986 26369
antarctic_sic_t_00096_date_01_09_1986 27296
antarctic_sic_t_00097_date_01_10_1986 26240
antarctic_sic_t_00098_date_01_11_1986 13083 8746 21 1 1
antarctic_sic_t_00099_date_01_12_1986 6067 4897 738 665 167 94 70 24 16 1 1
antarctic_sic_t_00100_date_01_01_1987 3001 2109 243 219 215 202 61 57 36 36 34 34 26 26 25 14 6 3 2 1
antarctic_sic_t_00101_date_01_02_1987 1857 1390 144 78 67 56 50 44 23 18 12 10 10 4 4 3 3 3 3 3 2 2 1 1 1 1 1 1
antarctic_sic_t_00102_date_01_03_1987 3282 1681 82 55 44 43 37 36 35 34 22 16 5 4 3 3 2 1 1 1 1 1 1 1
antarctic_sic_t_00103_date_01_04_1987 6011 2807 1032 73 39 33 13 6 1 1
antarctic_sic_t_00104_date_01_05_1987 14694 3 2 1
antarctic_sic_t_00105_date_01_06_1987 19286
antarctic_sic_t_00106_date_01_07_1987 24383
antarctic_sic_t_00107_date_01_08_1987 27404
antarctic_sic_t_00108_date_01_09_1987 28052
antarctic_sic_t_00109_date_01_10_1987 27045
antarctic_sic_t_00110_date_01_11_1987 23238
antarctic_sic_t_00111_date_01_12_1987 10810 7426 425 269 16 4 3 2 2 2 2
antarctic_sic_t_00112_date_01_01_1988 1595 1295 743 407 190 159 105 35 32 27 25 25 16 15 9 8 8 7 3 2 2 2 2 1 1 1 1 1 1 1 1 1
antarctic_sic_t_00113_date_01_02_1988 1178 724 641 329 227 72 69 67 49 34 24 21 17 14 13 10 7 3 2 2 2 2 2 1 1 1 1
antarctic_sic_t_00114_date_01_03_1988 2953 1443 389 175 43 41 25 23 17 12 11 6 2 2 2 1 1 1 1 1 1 1
antarctic_sic_t_00115_date_01_04_1988 5517 2547 469 130 121 53 45 25 20 14 9 5 2 2 1 1
antarctic_sic_t_00116_date_01_05_1988 14313 29 1
antarctic_sic_t_00117_date_01_06_1988 20105 1
antarctic_sic_t_00118_date_01_07_1988 24543
antarctic_sic_t_00119_date_01_08_1988 27443
antarctic_sic_t_00120_date_01_09_1988 28272 1
antarctic_sic_t_00121_date_01_10_1988 28428
antarctic_sic_t_00122_date_01_11_1988 24282 19 7 3 2 1 1 1
antarctic_sic_t_00123_date_01_12_1988 5504 4995 3048 634 574 167 112 14 11 7 5 5 3 2 1 1 1 1 1
antarctic_sic_t_00124_date_01_01_1989 2211 2106 523 195 149 123 98 79 68 52 51 29 13 12 12 7 3 3 3 2 1 1 1
antarctic_sic_t_00125_date_01_02_1989 1455 1295 310 135 77 62 53 48 43 31 20 13 12 10 9 7 7 6 3 2 2 2 2 2 1 1
antarctic_sic_t_00126_date_01_03_1989 2277 1567 456 377 94 90 67 57 55 25 25 8 7 2 2 1 1 1 1 1
antarctic_sic_t_00127_date_01_04_1989 6199 2782 74 2
antarctic_sic_t_00128_date_01_05_1989 15692 2 1
antarctic_sic_t_00129_date_01_06_1989 20964
antarctic_sic_t_00130_date_01_07_1989 24445 1
antarctic_sic_t_00131_date_01_08_1989 27125 3
antarctic_sic_t_00132_date_01_09_1989 28316
antarctic_sic_t_00133_date_01_10_1989 27697 2 1
antarctic_sic_t_00134_date_01_11_1989 14397 9284 25 2 1
antarctic_sic_t_00135_date_01_12_1989 5528 4114 1911 194 175 126 119 94 59 24 18 17 15 12 9 2 2 1 1 1 1
antarctic_sic_t_00136_date_01_01_1990 2157 1565 883 446 399 129 106 53 47 21 17 14 8 7 6 4 4 3 2 2 1
antarctic_sic_t_00137_date_01_02_1990 1761 1197 530 304 45 35 31 29 19 14 7 3 2 2 1 1 1 1 1
antarctic_sic_t_00138_date_01_03_1990 2235 1921 447 397 77 58 30 28 15 14 9 6 3 3 2 2 1 1 1 1
antarctic_sic_t_00139_date_01_04_1990 5665 3849 699 13 2 1
antarctic_sic_t_00140_date_01_05_1990 14727 5
antarctic_sic_t_00141_date_01_06_1990 20206 7 1
antarctic_sic_t_00142_date_01_07_1990 24056 1
antarctic_sic_t_00143_date_01_08_1990 27405 1
antarctic_sic_t_00144_date_01_09_1990 28270
antarctic_sic_t_00145_date_01_10_1990 27845
antarctic_sic_t_00146_date_01_11_1990 22807 4 3 3 3 1 1
antarctic_sic_t_00147_date_01_12_1990 5936 4775 960 463 463 95 89 30 29 14 8 5 3 3 3 2 2 2 1 1 1 1
antarctic_sic_t_00148_date_01_01_1991 2930 1864 681 259 195 130 105 86 67 42 31 25 24 22 14 8 4 3 2 2 1 1 1 1 1 1 1 1
antarctic_sic_t_00149_date_01_02_1991 2322 440 414 122 72 54 32 31 28 27 21 15 10 8 6 5 4 4 4 4 3 2 2 1 1 1
antarctic_sic_t_00150_date_01_03_1991 2665 1127 493 106 77 45 38 27 19 19 19 7 4 4 3 2 1 1 1
antarctic_sic_t_00151_date_01_04_1991 4921 4508 419 161 115 76 43 18 12 4 2 2 1 1
antarctic_sic_t_00152_date_01_05_1991 15432 8 1
antarctic_sic_t_00153_date_01_06_1991 19626
antarctic_sic_t_00154_date_01_07_1991 23771
antarctic_sic_t_00155_date_01_08_1991 27556
antarctic_sic_t_00156_date_01_09_1991 28493
antarctic_sic_t_00157_date_01_10_1991 27475
antarctic_sic_t_00158_date_01_11_1991 22973 9 5 2 2 1 1
antarctic_sic_t_00159_date_01_12_1991 7735 3839 915 636 63 52 28 7 4 3 2 1
antarctic_sic_t_00160_date_01_01_1992 2755 737 591 454 381 308 220 199 84 46 34 34 17 11 6 6 2 2 2 2 1 1 1
antarctic_sic_t_00161_date_01_02_1992 1783 406 403 145 113 112 74 71 67 53 48 20 18 13 12 12 11 10 6 4 3 1 1 1 1 1
antarctic_sic_t_00162_date_01_03_1992 2633 721 453 151 95 59 55 47 47 40 38 22 19 12 12 5 4 4 3 3 3 3 3 2 2 2 2 1 1 1 1 1 1 1 1 1 1
antarctic_sic_t_00163_date_01_04_1992 4564 4090 1289 45 8 2
antarctic_sic_t_00164_date_01_05_1992 14954 1
antarctic_sic_t_00165_date_01_06_1992 19348
antarctic_sic_t_00166_date_01_07_1992 24726
antarctic_sic_t_00167_date_01_08_1992 27637
antarctic_sic_t_00168_date_01_09_1992 28199
antarctic_sic_t_00169_date_01_10_1992 27733
antarctic_sic_t_00170_date_01_11_1992 23368 10 4 2 2 1
antarctic_sic_t_00171_date_01_12_1992 5267 4607 1453 625 388 107 87 73 40 4 3 2 1 1 1
antarctic_sic_t_00172_date_01_01_1993 1756 1117 548 358 210 201 186 132 43 42 36 34 26 25 25 24 22 21 19 17 6 5 2 2 1 1 1 1 1 1
antarctic_sic_t_00173_date_01_02_1993 1122 235 224 194 123 104 79 67 56 44 41 38 25 19 17 17 15 15 14 12 11 9 8 8 5 4 3 3 3 2 2 2 2 2 1 1 1 1
antarctic_sic_t_00174_date_01_03_1993 1790 1381 418 368 103 75 72 69 45 42 42 25 17 15 13 13 7 7 7 4 3 3 2 2 1 1 1 1 1 1
antarctic_sic_t_00175_date_01_04_1993 4761 3732 1235 16 10 4
antarctic_sic_t_00176_date_01_05_1993 15321
antarctic_sic_t_00177_date_01_06_1993 20274
antarctic_sic_t_00178_date_01_07_1993 24579
antarctic_sic_t_00179_date_01_08_1993 27184 1
antarctic_sic_t_00180_date_01_09_1993 28999 1
antarctic_sic_t_00181_date_01_10_1993 28163
antarctic_sic_t_00182_date_01_11_1993 24059 3 1 1
antarctic_sic_t_00183_date_01_12_1993 5425 4568 1396 986 441 56 39 13 10 7 6 2 2 2 1 1 1 1
antarctic_sic_t_00184_date_01_01_1994 2669 1353 936 649 280 110 86 57 21 12 7 5 5 3 2 2 1 1
antarctic_sic_t_00185_date_01_02_1994 1891 517 394 385 368 111 84 74 70 66 17 9 7 5 4 2 2 2 2 1 1 1
antarctic_sic_t_00186_date_01_03_1994 2949 2674 290 84 80 60 46 43 13 8 6 4 1 1
antarctic_sic_t_00187_date_01_04_1994 6018 4572 38 11 4 2 2
antarctic_sic_t_00188_date_01_05_1994 15675 22 21
antarctic_sic_t_00189_date_01_06_1994 20654 1
antarctic_sic_t_00190_date_01_07_1994 25377
antarctic_sic_t_00191_date_01_08_1994 27923
antarctic_sic_t_00192_date_01_09_1994 29035
antarctic_sic_t_00193_date_01_10_1994 28053 1
antarctic_sic_t_00194_date_01_11_1994 23505 13 2 1
antarctic_sic_t_00195_date_01_12_1994 5644 5626 1246 762 112 100 75 29 19 10 6 4 2
antarctic_sic_t_00196_date_01_01_1995 3164 1799 817 475 313 82 73 49 45 35 27 21 18 18 17 15 14 9 3 2 1
antarctic_sic_t_00197_date_01_02_1995 2181 744 513 282 200 106 52 49 38 25 21 19 16 13 10 9 6 3 3 2 2 2 2 1 1 1
antarctic_sic_t_00198_date_01_03_1995 2443 2097 499 288 278 127 112 77 65 27 9 8 4 2 2 2 1 1 1
antarctic_sic_t_00199_date_01_04_1995 10713 5 3
antarctic_sic_t_00200_date_01_05_1995 15831 8 5
antarctic_sic_t_00201_date_01_06_1995 20373 2
antarctic_sic_t_00202_date_01_07_1995 24339
antarctic_sic_t_00203_date_01_08_1995 27807
antarctic_sic_t_00204_date_01_09_1995 28728
antarctic_sic_t_00205_date_01_10_1995 27733 2
antarctic_sic_t_00206_date_01_11_1995 23254 2 1 1 1 1
antarctic_sic_t_00207_date_01_12_1995 6317 4979 1430 924 73 66 56 38 20 10 5 3 1 1 1 1 1
antarctic_sic_t_00208_date_01_01_1996 3243 2664 425 221 128 80 68 55 52 32 24 10 8 7 6 5 4 3 2 1 1 1 1 1 1 1
antarctic_sic_t_00209_date_01_02_1996 1418 593 359 140 133 102 102 56 48 45 44 29 29 24 23 17 13 13 6 3 3 3 2 1 1
antarctic_sic_t_00210_date_01_03_1996 2456 1586 652 257 124 49 41 41 23 17 15 13 10 9 9 6 4 3 2 2 2 2 2 1 1 1 1 1 1
antarctic_sic_t_00211_date_01_04_1996 5693 3187 1313 334 76 34 14 10
antarctic_sic_t_00212_date_01_05_1996 16677 14 12
antarctic_sic_t_00213_date_01_06_1996 21447 1
antarctic_sic_t_00214_date_01_07_1996 25033
antarctic_sic_t_00215_date_01_08_1996 27613
antarctic_sic_t_00216_date_01_09_1996 28917
antarctic_sic_t_00217_date_01_10_1996 27723 2 1
antarctic_sic_t_00218_date_01_11_1996 23358 16 2 2 1 1
antarctic_sic_t_00219_date_01_12_1996 5817 4750 752 344 193 83 59 11 3 3 2 2 2 1 1 1 1
antarctic_sic_t_00220_date_01_01_1997 1954 954 779 435 344 131 88 52 49 47 28 19 19 14 6 6 4 3 1 1 1 1 1 1 1 1
antarctic_sic_t_00221_date_01_02_1997 1665 288 229 176 148 132 83 66 59 32 23 18 14 12 9 6 6 5 2 2 1 1 1 1 1
antarctic_sic_t_00222_date_01_03_1997 2251 958 391 147 112 96 77 62 61 58 53 44 15 15 6 4 4 2 2 2 2 2 1 1 1 1 1 1
antarctic_sic_t_00223_date_01_04_1997 6053 3181 159 47 41 6 3 2 1 1
antarctic_sic_t_00224_date_01_05_1997 15244 14 1
antarctic_sic_t_00225_date_01_06_1997 19762 8 3
antarctic_sic_t_00226_date_01_07_1997 24762 1
antarctic_sic_t_00227_date_01_08_1997 27635
antarctic_sic_t_00228_date_01_09_1997 28806
antarctic_sic_t_00229_date_01_10_1997 27460
antarctic_sic_t_00230_date_01_11_1997 15799 7729 1 1
antarctic_sic_t_00231_date_01_12_1997 7173 4130 1091 993 192 123 90 81 64 20 17 3 2 2 2 1 1 1 1 1 1
antarctic_sic_t_00232_date_01_01_1998 2136 1828 543 450 97 91 59 45 30 29 28 25 22 14 6 6 6 4 4 3 2 2 2 2 2 1 1 1
antarctic_sic_t_00233_date_01_02_1998 1233 1042 396 315 143 84 71 53 48 46 23 22 17 12 9 8 8 7 4 2 2 2 1 1 1 1
antarctic_sic_t_00234_date_01_03_1998 2722 1784 516 478 50 36 15 11 4 4 2 2 1 1 1 1
antarctic_sic_t_00235_date_01_04_1998 6736 3140 7 2 2 2 1
antarctic_sic_t_00236_date_01_05_1998 10332 5376 5
antarctic_sic_t_00237_date_01_06_1998 20269 1 1
antarctic_sic_t_00238_date_01_07_1998 24882 3 1
antarctic_sic_t_00239_date_01_08_1998 27921
antarctic_sic_t_00240_date_01_09_1998 29477
antarctic_sic_t_00241_date_01_10_1998 28824 1
antarctic_sic_t_00242_date_01_11_1998 24206 26 2 1 1 1
antarctic_sic_t_00243_date_01_12_1998 6912 5071 1362 10 9 4 2 2 2 1 1 1
antarctic_sic_t_00244_date_01_01_1999 3054 1605 521 272 248 83 75 48 18 17 14 11 11 11 6 3 3 2 2 2 1 1 1 1 1
antarctic_sic_t_00245_date_01_02_1999 1151 967 371 202 148 118 95 73 45 40 18 8 7 6 6 5 4 3 2 2 2 2 2 2 1 1 1 1
antarctic_sic_t_00246_date_01_03_1999 2723 1305 577 389 123 55 34 33 18 7 7 4 3 3 2 2 2 1 1 1 1 1
antarctic_sic_t_00247_date_01_04_1999 7847 2252 1 1
antarctic_sic_t_00248_date_01_05_1999 15479 2
antarctic_sic_t_00249_date_01_06_1999 21082 10
antarctic_sic_t_00250_date_01_07_1999 25396 1
antarctic_sic_t_00251_date_01_08_1999 28012
antarctic_sic_t_00252_date_01_09_1999 29077
antarctic_sic_t_00253_date_01_10_1999 28426
antarctic_sic_t_00254_date_01_11_1999 14731 9019 5 3 2
antarctic_sic_t_00255_date_01_12_1999 6429 5771 952 370 54 42 42 22 21 9 8 6 5 1 1 1
antarctic_sic_t_00256_date_01_01_2000 2657 1624 387 361 137 103 77 71 56 52 51 32 26 18 13 8 7 4 3 3 2 1 1 1
antarctic_sic_t_00257_date_01_02_2000 1455 554 269 160 117 85 74 74 66 59 44 22 20 19 19 18 17 17 10 10 6 4 3 2 2 2 1 1 1 1
antarctic_sic_t_00258_date_01_03_2000 2105 2100 396 352 293 70 62 17 16 15 13 6 6 3 3 2 2 1 1
antarctic_sic_t_00259_date_01_04_2000 5307 4645 575 10 2 1
antarctic_sic_t_00260_date_01_05_2000 16661 11 5
antarctic_sic_t_00261_date_01_06_2000 21497 1
antarctic_sic_t_00262_date_01_07_2000 24924 3
antarctic_sic_t_00263_date_01_08_2000 28480 1
antarctic_sic_t_00264_date_01_09_2000 29406
antarctic_sic_t_00265_date_01_10_2000 27982 1
antarctic_sic_t_00266_date_01_11_2000 14973 8799 3 1 1
antarctic_sic_t_00267_date_01_12_2000 6679 5435 895 100 56 13 8 2 2 1
antarctic_sic_t_00268_date_01_01_2001 2485 2282 590 472 397 208 149 72 43 31 28 16 13 13 9 5 4 2 2 1 1 1 1 1
antarctic_sic_t_00269_date_01_02_2001 1793 1692 357 172 149 84 49 40 35 19 17 15 12 11 11 6 4 4 4 4 4 3 3 3 2 2 2 2 2 2 2 1 1 1 1 1 1 1 1
antarctic_sic_t_00270_date_01_03_2001 3477 2728 314 62 48 43 6 5 4 2 1 1 1 1
antarctic_sic_t_00271_date_01_04_2001 4981 4089 1141 48 7 3 3 2 2 1 1 1 1
antarctic_sic_t_00272_date_01_05_2001 15675 2
antarctic_sic_t_00273_date_01_06_2001 20696 4
antarctic_sic_t_00274_date_01_07_2001 24576 1
antarctic_sic_t_00275_date_01_08_2001 26970
antarctic_sic_t_00276_date_01_09_2001 28294 9
antarctic_sic_t_00277_date_01_10_2001 26992
antarctic_sic_t_00278_date_01_11_2001 13441 9015 39 4 3 1 1 1
antarctic_sic_t_00279_date_01_12_2001 6314 5569 678 72 55 47 36 35 26 11 8 6 5 4 2 2 2 2 2 1 1 1 1 1
antarctic_sic_t_00280_date_01_01_2002 1986 1772 308 265 254 232 167 87 72 50 33 31 28 22 18 16 11 11 4 4 3 1 1 1 1 1 1
antarctic_sic_t_00281_date_01_02_2002 1704 377 308 147 116 98 92 59 53 48 41 30 25 23 22 20 13 12 11 10 9 7 6 4 3 3 3 3 2 2 2 2 1 1 1 1 1 1 1 1 1 1 1
antarctic_sic_t_00282_date_01_03_2002 1980 1943 174 144 85 46 45 27 24 14 13 11 10 8 8 7 6 5 3 3 2 2 1 1 1 1 1 1
antarctic_sic_t_00283_date_01_04_2002 4634 3352 875 88 61 52 15 13 10 6 4 1
antarctic_sic_t_00284_date_01_05_2002 14243 1
antarctic_sic_t_00285_date_01_06_2002 18648
antarctic_sic_t_00286_date_01_07_2002 23969
antarctic_sic_t_00287_date_01_08_2002 26435 1
antarctic_sic_t_00288_date_01_09_2002 27706 1
antarctic_sic_t_00289_date_01_10_2002 27747
antarctic_sic_t_00290_date_01_11_2002 14755 8047 4 1
antarctic_sic_t_00291_date_01_12_2002 8573 4513 978 731 113 67 13 4 3 3 3 2 2 2 1 1
antarctic_sic_t_00292_date_01_01_2003 3787 1923 559 437 414 213 120 58 46 43 22 13 10 9 4 3 1 1 1 1 1 1 1
antarctic_sic_t_00293_date_01_02_2003 2590 1333 412 220 83 69 64 46 37 23 21 19 17 14 14 7 6 5 5 5 4 4 3 2 2 1 1
antarctic_sic_t_00294_date_01_03_2003 2726 2666 254 48 48 46 24 22 21 20 17 9 6 3 2 2 2 2 2 1 1 1 1 1 1 1 1
antarctic_sic_t_00295_date_01_04_2003 4828 4414 622 551 255 41 7 4 2 2 1
antarctic_sic_t_00296_date_01_05_2003 16198 3
antarctic_sic_t_00297_date_01_06_2003 21525
antarctic_sic_t_00298_date_01_07_2003 25492 1
antarctic_sic_t_00299_date_01_08_2003 27211
antarctic_sic_t_00300_date_01_09_2003 28546
antarctic_sic_t_00301_date_01_10_2003 28070
antarctic_sic_t_00302_date_01_11_2003 23786 1 1 1 1 1
antarctic_sic_t_00303_date_01_12_2003 6901 5514 704 619 157 99 13 5 5 3 2 2 2 1 1 1 1
antarctic_sic_t_00304_date_01_01_2004 3133 2229 655 316 224 190 136 87 47 45 42 30 23 15 8 5 4 2 1 1 1 1
antarctic_sic_t_00305_date_01_02_2004 2190 1044 367 343 113 54 42 42 41 41 23 19 9 8 5 5 4 4 4 4 3 3 3 2 2 2 2 1 1 1 1 1 1
antarctic_sic_t_00306_date_01_03_2004 2918 2485 417 53 49 37 33 33 13 5 4 3 2 2 2 2 2 1
antarctic_sic_t_00307_date_01_04_2004 4966 4358 1216 164 49 7 2 2 2
antarctic_sic_t_00308_date_01_05_2004 15696 3
antarctic_sic_t_00309_date_01_06_2004 21237
antarctic_sic_t_00310_date_01_07_2004 25501
antarctic_sic_t_00311_date_01_08_2004 28171
antarctic_sic_t_00312_date_01_09_2004 29500
antarctic_sic_t_00313_date_01_10_2004 28605
antarctic_sic_t_00314_date_01_11_2004 23896 3 1
antarctic_sic_t_00315_date_01_12_2004 6051 4728 1984 129 51 42 40 25 16 6 3 3 2 1 1 1
antarctic_sic_t_00316_date_01_01_2005 2012 1188 672 446 317 259 174 152 41 36 27 23 12 5 5 4 2 1 1 1 1 1
antarctic_sic_t_00317_date_01_02_2005 1677 989 369 130 82 72 68 56 47 45 41 39 12 11 9 6 6 4 3 3 3 3 1 1 1
antarctic_sic_t_00318_date_01_03_2005 2460 1829 559 171 112 58 52 38 38 36 25 10 7 4 4 3 2 1 1 1 1 1 1
antarctic_sic_t_00319_date_01_04_2005 6496 2583 1180 97 24 1 1
antarctic_sic_t_00320_date_01_05_2005 15529
antarctic_sic_t_00321_date_01_06_2005 20244 3 1
antarctic_sic_t_00322_date_01_07_2005 25031
antarctic_sic_t_00323_date_01_08_2005 27939
antarctic_sic_t_00324_date_01_09_2005 29436 2
antarctic_sic_t_00325_date_01_10_2005 28238
antarctic_sic_t_00326_date_01_11_2005 15971 8292 4 2
antarctic_sic_t_00327_date_01_12_2005 4648 4644 1740 981 60 43 36 8 1 1
antarctic_sic_t_00328_date_01_01_2006 1823 1469 505 453 168 125 99 94 56 36 28 19 15 14 8 5 3 1 1 1 1
antarctic_sic_t_00329_date_01_02_2006 1634 1015 306 272 47 42 24 14 8 4 4 3 3 3 2 2 2 2 2 1 1 1 1
antarctic_sic_t_00330_date_01_03_2006 1612 1524 364 162 133 61 38 37 23 15 11 8 3 3 2 1 1 1 1 1
antarctic_sic_t_00331_date_01_04_2006 4834 2190 711 558 175 68 51 14 5 5 1 1
antarctic_sic_t_00332_date_01_05_2006 14043 10 1
antarctic_sic_t_00333_date_01_06_2006 20530
antarctic_sic_t_00334_date_01_07_2006 25112 2
antarctic_sic_t_00335_date_01_08_2006 28213
antarctic_sic_t_00336_date_01_09_2006 29878
antarctic_sic_t_00337_date_01_10_2006 29006 1
antarctic_sic_t_00338_date_01_11_2006 24190 3 1 1 1 1
antarctic_sic_t_00339_date_01_12_2006 7093 5375 127 67 55 45 25 24 21 15 12 4 3 3 2 2 1 1
antarctic_sic_t_00340_date_01_01_2007 1918 1529 723 693 155 117 52 49 24 23 22 21 10 10 8 7 5 4 3 3 3 3 3 2 1 1
antarctic_sic_t_00341_date_01_02_2007 1669 540 453 356 247 128 69 25 22 11 11 10 7 6 6 4 3 3 2 2 2 2 1 1 1 1 1
antarctic_sic_t_00342_date_01_03_2007 2013 1478 519 498 409 69 29 24 22 14 9 9 7 6 3 2 1 1 1 1 1
antarctic_sic_t_00343_date_01_04_2007 4661 4554 54 51 7 2 1
antarctic_sic_t_00344_date_01_05_2007 14430 3 2 1
antarctic_sic_t_00345_date_01_06_2007 20377 7
antarctic_sic_t_00346_date_01_07_2007 24621 1
antarctic_sic_t_00347_date_01_08_2007 27450
antarctic_sic_t_00348_date_01_09_2007 29542 1
antarctic_sic_t_00349_date_01_10_2007 28549 10
antarctic_sic_t_00350_date_01_11_2007 23662 1
antarctic_sic_t_00351_date_01_12_2007 10527 6886 29 6 6 4 3 2
antarctic_sic_t_00352_date_01_01_2008 2967 2873 415 294 264 237 71 68 39 34 34 33 19 12 10 7 6 4 3 3 3 1 1
antarctic_sic_t_00353_date_01_02_2008 2225 618 407 291 187 179 164 137 67 35 24 22 16 12 11 6 6 5 4 3 2 2 2 2 1 1 1 1 1 1
antarctic_sic_t_00354_date_01_03_2008 3077 2797 969 82 66 60 48 7 7 5 4 3 2 2 2 2 1 1
antarctic_sic_t_00355_date_01_04_2008 7511 4666 2 1
antarctic_sic_t_00356_date_01_05_2008 16814 2
antarctic_sic_t_00357_date_01_06_2008 21793 4
antarctic_sic_t_00358_date_01_07_2008 24974 1
antarctic_sic_t_00359_date_01_08_2008 27525
antarctic_sic_t_00360_date_01_09_2008 28143
antarctic_sic_t_00361_date_01_10_2008 27845 13
antarctic_sic_t_00362_date_01_11_2008 24388 58 1 1 1
antarctic_sic_t_00363_date_01_12_2008 7527 6172 794 299 192 51 40 22 11 6 6 4 4 4 3 2 1 1 1 1
antarctic_sic_t_00364_date_01_01_2009 2643 2369 386 375 120 68 57 42 40 25 18 17 17 16 15 13 11 8 6 6 5 4 2 2 1 1 1 1 1 1 1 1
antarctic_sic_t_00365_date_01_02_2009 1867 545 304 227 152 82 41 31 26 25 18 18 14 11 8 6 6 5 4 4 3 3 3 2 2 2 1 1 1
antarctic_sic_t_00366_date_01_03_2009 2750 2630 117 75 55 34 19 13 10 4 4 3 3 3 3 2 2 2 1 1 1
antarctic_sic_t_00367_date_01_04_2009 6770 4825 3 3 1 1 1
antarctic_sic_t_00368_date_01_05_2009 16555 4 1
antarctic_sic_t_00369_date_01_06_2009 21449 11 4
antarctic_sic_t_00370_date_01_07_2009 25215 1
antarctic_sic_t_00371_date_01_08_2009 28023
antarctic_sic_t_00372_date_01_09_2009 29530
antarctic_sic_t_00373_date_01_10_2009 28331 1
antarctic_sic_t_00374_date_01_11_2009 24039 3 3 1 1
antarctic_sic_t_00375_date_01_12_2009 5932 5251 1850 1112 101 19 15 4 3 2 1 1
antarctic_sic_t_00376_date_01_01_2010 2889 1348 650 523 345 109 40 35 25 23 4 3 2 2 2 1 1 1 1 1
antarctic_sic_t_00377_date_01_02_2010 2063 632 331 161 159 111 82 69 51 19 11 11 7 6 6 5 4 3 2 2 2 2 1 1 1 1 1
antarctic_sic_t_00378_date_01_03_2010 2733 1528 384 137 79 60 49 43 32 24 23 12 11 8 8 4 4 2 1 1 1 1 1 1 1
antarctic_sic_t_00379_date_01_04_2010 5533 3813 195 130 44 7 2 2 1 1 1 1
antarctic_sic_t_00380_date_01_05_2010 16102 3
antarctic_sic_t_00381_date_01_06_2010 22308 5
antarctic_sic_t_00382_date_01_07_2010 26446 3
antarctic_sic_t_00383_date_01_08_2010 29141
antarctic_sic_t_00384_date_01_09_2010 28672 1
antarctic_sic_t_00385_date_01_10_2010 29088 2
antarctic_sic_t_00386_date_01_11_2010 14698 10429 30 12 12 2 1 1 1 1
antarctic_sic_t_00387_date_01_12_2010 6952 3351 2922 320 274 51 28 25 25 21 20 12 12 11 7 7 3 2 1 1 1 1
antarctic_sic_t_00388_date_01_01_2011 1831 931 785 733 234 145 58 43 35 33 17 11 8 8 7 6 6 5 2 2 2 2 1 1 1 1 1 1 1 1 1 1
antarctic_sic_t_00389_date_01_02_2011 1646 555 447 407 128 46 23 22 11 11 7 6 4 3 2 1 1 1 1 1
antarctic_sic_t_00390_date_01_03_2011 1903 903 661 418 254 140 38 20 17 10 3 3 2 1 1 1 1 1
antarctic_sic_t_00391_date_01_04_2011 4608 3986 262 3 2 1
antarctic_sic_t_00392_date_01_05_2011 15443 3 2
antarctic_sic_t_00393_date_01_06_2011 20367 9
antarctic_sic_t_00394_date_01_07_2011 24309 2
antarctic_sic_t_00395_date_01_08_2011 27577
antarctic_sic_t_00396_date_01_09_2011 29159
antarctic_sic_t_00397_date_01_10_2011 28061
antarctic_sic_t_00398_date_01_11_2011 23579 1
antarctic_sic_t_00399_date_01_12_2011 8636 5707 707 65 16 12 8 2 1 1
antarctic_sic_t_00400_date_01_01_2012 3004 2625 711 251 64 49 48 31 11 10 9 6 5 5 5 4 4 3 3 3 2 2 1 1 1 1
antarctic_sic_t_00401_date_01_02_2012 2137 838 528 240 95 48 47 47 40 19 18 14 11 11 11 9 8 6 3 3 2 1 1 1 1 1
antarctic_sic_t_00402_date_01_03_2012 2731 1808 853 263 67 64 26 14 10 8 8 6 4 3 3 1 1 1 1 1
antarctic_sic_t_00403_date_01_04_2012 5642 4992 77 18 4 4 1 1
antarctic_sic_t_00404_date_01_05_2012 15777 4 1 1
antarctic_sic_t_00405_date_01_06_2012 20834 1
antarctic_sic_t_00406_date_01_07_2012 25505 1
antarctic_sic_t_00407_date_01_08_2012 28284 2
antarctic_sic_t_00408_date_01_09_2012 30162
antarctic_sic_t_00409_date_01_10_2012 28676
antarctic_sic_t_00410_date_01_11_2012 23904 1 1
antarctic_sic_t_00411_date_01_12_2012 7507 6830 22 16 16 7 4 3 2 1
