antarctic_sic_t_00001_date_01_10_1978 26979 1
antarctic_sic_t_00002_date_01_11_1978 23124 17 2 1
antarctic_sic_t_00001_date_01_10_1978 26979 1
antarctic_sic_t_00002_date_01_11_1978 23124 17 2 1
antarctic_sic_t_00001_date_01_10_1978 26979 1
antarctic_sic_t_00002_date_01_11_1978 23124 17 2 1
antarctic_sic_t_00001_date_01_10_1978 26979 1
antarctic_sic_t_00002_date_01_11_1978 23124 17 2 1
antarctic_sic_t_00001_date_01_10_1978 26979 1
antarctic_sic_t_00002_date_01_11_1978 23124 17 2 1
antarctic_sic_t_00001_date_01_10_1978 26979 1
antarctic_sic_t_00002_date_01_11_1978 23124 17 2 1
antarctic_sic_t_00003_date_01_12_1978 6452 6023 768 98 98 70 58 19 12 7 3 2 1
antarctic_sic_t_00004_date_01_01_1979 2346 1671 486 401 391 270 165 113 101 84 38 33 30 26 21 11 8 5 4 3 3 2 1 1
antarctic_sic_t_00005_date_01_02_1979 1593 1351 366 219 191 45 35 26 20 20 7 4 3 3 2 2 2 1 1
antarctic_sic_t_00006_date_01_03_1979 2356 1438 558 202 100 74 69 50 47 31 24 16 7 4 4 4 3 3 2 1 1 1 1 1 1 1
antarctic_sic_t_00007_date_01_04_1979 4576 3749 1233 1005 240 47 2 2 1 1 1 1
antarctic_sic_t_00008_date_01_05_1979 16366 1
antarctic_sic_t_00009_date_01_06_1979 21620
antarctic_sic_t_00010_date_01_07_1979 25530
antarctic_sic_t_00011_date_01_08_1979 27130
antarctic_sic_t_00012_date_01_09_1979 27919
antarctic_sic_t_00013_date_01_10_1979 27321
antarctic_sic_t_00014_date_01_11_1979 22541 4
antarctic_sic_t_00015_date_01_12_1979 3783 3624 1330 607 395 256 177 134 133 123 115 61 54 18 12 7 7 4 3 2 2 2 2 2 1 1
antarctic_sic_t_00016_date_01_01_1980 2382 1994 371 233 131 72 50 45 43 33 32 24 24 21 21 19 17 11 9 7 7 7 4 4 4 3 3 3 3 1 1 1 1
antarctic_sic_t_00017_date_01_02_1980 1477 1385 234 54 43 42 41 18 11 11 9 4 4 3 3 2 2 2 2 1 1 1 1 1
antarctic_sic_t_00018_date_01_03_1980 1954 1578 206 94 84 82 39 29 29 5 4 3 2 2 2 2 1 1 1 1 1 1
antarctic_sic_t_00019_date_01_04_1980 3182 3083 475 382 49 40 7 7 6 5 3 2 2 2 1 1 1 1 1 1 1
antarctic_sic_t_00020_date_01_05_1980 7078 5888 2 1 1
antarctic_sic_t_00021_date_01_06_1980 18840 1
antarctic_sic_t_00022_date_01_07_1980 23877
antarctic_sic_t_00023_date_01_08_1980 27674
antarctic_sic_t_00024_date_01_09_1980 29242
antarctic_sic_t_00025_date_01_10_1980 28721
antarctic_sic_t_00026_date_01_11_1980 23838 7 4 2
antarctic_sic_t_00027_date_01_12_1980 5105 4787 1361 1066 295 46 38 26 20 6 2 1 1 1 1 1
antarctic_sic_t_00028_date_01_01_1981 1568 1504 631 521 449 252 196 28 22 20 19 16 7 5 3 3 3 2 2 2 2 1 1 1 1 1
antarctic_sic_t_00029_date_01_02_1981 1161 883 529 292 134 125 79 62 49 11 5 5 4 2 1 1 1 1 1
antarctic_sic_t_00030_date_01_03_1981 2110 1370 296 203 44 44 42 38 25 22 11 7 4 3 3 2 2 1 1 1 1
antarctic_sic_t_00031_date_01_04_1981 4311 2220 1059 256 63 52 49 43 24 7 1 1 1 1 1
antarctic_sic_t_00032_date_01_05_1981 13790
antarctic_sic_t_00033_date_01_06_1981 19918
antarctic_sic_t_00034_date_01_07_1981 24668
antarctic_sic_t_00035_date_01_08_1981 27467
antarctic_sic_t_00036_date_01_09_1981 28647 1
antarctic_sic_t_00037_date_01_10_1981 28007 1
antarctic_sic_t_00038_date_01_11_1981 24295
antarctic_sic_t_00039_date_01_12_1981 6380 4467 902 645 418 194 190 92 70 12 4 2 1 1 1
antarctic_sic_t_00040_date_01_01_1982 3495 2034 358 242 42 38 27 18 15 9 4 2 1 1 1 1
antarctic_sic_t_00041_date_01_02_1982 1635 1445 286 205 51 35 28 24 19 7 5 4 4 4 3 1 1 1
antarctic_sic_t_00042_date_01_03_1982 2749 1906 362 82 79 54 47 33 23 22 15 7 4 3 2 2 2 2 1 1 1 1
antarctic_sic_t_00043_date_01_04_1982 7805 2985 405 46 17 2
antarctic_sic_t_00044_date_01_05_1982 16082 1
antarctic_sic_t_00045_date_01_06_1982 20481
antarctic_sic_t_00046_date_01_07_1982 24313
antarctic_sic_t_00047_date_01_08_1982 27689
antarctic_sic_t_00048_date_01_09_1982 28444
antarctic_sic_t_00049_date_01_10_1982 27210
antarctic_sic_t_00050_date_01_11_1982 22816 7 1
antarctic_sic_t_00051_date_01_12_1982 5252 5062 568 546 268 114 78 47 7 2 1 1 1
antarctic_sic_t_00052_date_01_01_1983 2405 2125 413 172 156 114 92 67 35 33 26 16 13 6 5 3 3 3 3 2 2 1 1 1 1 1 1 1
antarctic_sic_t_00053_date_01_02_1983 1602 1410 220 67 59 54 39 16 16 12 11 7 7 7 4 3 3 2 2 2 1 1 1 1 1 1 1
antarctic_sic_t_00054_date_01_03_1983 2706 1999 321 104 39 18 16 5 3 3 2 1 1 1
antarctic_sic_t_00055_date_01_04_1983 3862 3563 604 423 372 144 77 33 24 6 2 1 1
antarctic_sic_t_00056_date_01_05_1983 8430 5061 366 9 5 1 1 1
antarctic_sic_t_00057_date_01_06_1983 19017 1
antarctic_sic_t_00058_date_01_07_1983 23809 1
antarctic_sic_t_00059_date_01_08_1983 26639
antarctic_sic_t_00060_date_01_09_1983 28735
antarctic_sic_t_00061_date_01_10_1983 27590
antarctic_sic_t_00062_date_01_11_1983 23593 21
antarctic_sic_t_00063_date_01_12_1983 4658 4348 2501 1048 284 89 10 7 4 3 2
antarctic_sic_t_00064_date_01_01_1984 1816 1591 639 346 121 56 50 43 32 30 27 24 17 16 7 6 5 3 2 1 1 1 1
antarctic_sic_t_00065_date_01_02_1984 1457 658 299 239 156 135 107 66 19 17 17 15 14 11 10 7 3 3 2 1 1 1
antarctic_sic_t_00066_date_01_03_1984 1984 1778 351 172 84 61 41 14 13 12 9 7 5 4 4 3 2 2 1 1 1 1 1 1 1 1
antarctic_sic_t_00067_date_01_04_1984 4619 2970 654 561 51 11 5 3 2 1 1 1 1
antarctic_sic_t_00068_date_01_05_1984 14552 7 1
antarctic_sic_t_00069_date_01_06_1984 20215 3 1
antarctic_sic_t_00070_date_01_07_1984 25415
antarctic_sic_t_00071_date_01_08_1984 27485
antarctic_sic_t_00072_date_01_09_1984 27898
antarctic_sic_t_00073_date_01_10_1984 27022
antarctic_sic_t_00074_date_01_11_1984 15713 8287 42 31 1
antarctic_sic_t_00075_date_01_12_1984 7097 5483 620 333 166 51 39 22 2 1 1 1 1 1 1
antarctic_sic_t_00076_date_01_01_1985 2270 1538 436 323 186 50 30 24 22 19 19 18 16 12 11 5 4 4 4 3 3 3 1 1 1 1 1 1
antarctic_sic_t_00077_date_01_02_1985 1616 1221 241 189 54 47 34 19 9 8 7 6 4 3 1 1 1 1 1 1 1
antarctic_sic_t_00078_date_01_03_1985 2809 1411 343 250 38 29 19 17 4 2 2 2 2 1 1 1
antarctic_sic_t_00079_date_01_04_1985 5170 2850 853 256 87 53 24 2 1 1
antarctic_sic_t_00080_date_01_05_1985 15228 1
antarctic_sic_t_00081_date_01_06_1985 20582
antarctic_sic_t_00082_date_01_07_1985 24255 1
antarctic_sic_t_00083_date_01_08_1985 27430
antarctic_sic_t_00084_date_01_09_1985 28965
antarctic_sic_t_00085_date_01_10_1985 28054
antarctic_sic_t_00086_date_01_11_1985 15594 8742 22
antarctic_sic_t_00087_date_01_12_1985 6271 5798 1674 952 41 16 12 7 3 2 2 1 1 1 1 1 1
antarctic_sic_t_00088_date_01_01_1986 3041 1798 436 326 203 137 42 41 21 15 12 11 8 3 3 2 1
antarctic_sic_t_00089_date_01_02_1986 1837 1365 153 146 125 71 44 36 15 13 12 11 10 9 8 8 7 3 3 2 2 1 1 1
antarctic_sic_t_00090_date_01_03_1986 2641 1377 129 110 87 58 51 32 19 7 5 5 4 3 2 2 1 1 1 1 1 1
antarctic_sic_t_00091_date_01_04_1986 5417 2522 466 279 191 72 50 34 18 13 4 3 2 2 2 1 1 1 1 1 1
antarctic_sic_t_00092_date_01_05_1986 7366 6451 1
antarctic_sic_t_00093_date_01_06_1986 19022
antarctic_sic_t_00094_date_01_07_1986 23495
antarctic_sic_t_00095_date_01_08_1986 26245
antarctic_sic_t_00096_date_01_09_1986 27176
antarctic_sic_t_00097_date_01_10_1986 26081
antarctic_sic_t_00098_date_01_11_1986 12889 8692 48 15 1 1
antarctic_sic_t_00099_date_01_12_1986 5995 4838 720 650 161 91 68 23 16 3 1
antarctic_sic_t_00100_date_01_01_1987 2967 2082 236 216 212 199 58 57 36 36 31 29 25 25 24 13 6 2 1 1 1
antarctic_sic_t_00101_date_01_02_1987 1806 1378 138 78 64 56 50 43 23 15 11 10 6 3 3 3 3 3 2 2 2 2 2 1 1 1 1 1 1 1
antarctic_sic_t_00102_date_01_03_1987 3252 1669 77 55 43 42 36 34 29 28 20 5 5 4 3 3 2 2 2 2 1 1 1 1 1 1 1 1
antarctic_sic_t_00103_date_01_04_1987 5978 2779 1021 64 37 32 6 5 1 1
antarctic_sic_t_00104_date_01_05_1987 9362 5223 3 2 1
antarctic_sic_t_00105_date_01_06_1987 19165
antarctic_sic_t_00106_date_01_07_1987 24291
antarctic_sic_t_00107_date_01_08_1987 27289
antarctic_sic_t_00108_date_01_09_1987 27904
antarctic_sic_t_00109_date_01_10_1987 26880
antarctic_sic_t_00110_date_01_11_1987 23057 1
antarctic_sic_t_00111_date_01_12_1987 10481 7389 425 261 156 37 16 16 5 2 2 2 1 1 1 1
antarctic_sic_t_00112_date_01_01_1988 1569 1289 736 403 188 158 103 33 32 26 25 25 15 12 9 8 7 5 3 2 2 2 1 1 1 1 1 1 1 1
antarctic_sic_t_00113_date_01_02_1988 1171 710 633 328 221 72 68 66 47 34 24 20 16 14 13 8 6 3 2 2 2 2 2 1 1 1
antarctic_sic_t_00114_date_01_03_1988 2896 1425 376 171 42 41 24 22 16 12 10 6 2 2 1 1 1 1 1
antarctic_sic_t_00115_date_01_04_1988 5469 2528 460 128 87 53 43 25 20 15 14 5 3 3 2 2 1 1 1
antarctic_sic_t_00116_date_01_05_1988 7796 6402 28 1
antarctic_sic_t_00117_date_01_06_1988 19993 1
antarctic_sic_t_00118_date_01_07_1988 24417
antarctic_sic_t_00119_date_01_08_1988 27329
antarctic_sic_t_00120_date_01_09_1988 28123
antarctic_sic_t_00121_date_01_10_1988 28307
antarctic_sic_t_00122_date_01_11_1988 24143 19 7 3 2 1 1 1 1
antarctic_sic_t_00123_date_01_12_1988 5429 4928 2967 543 344 276 158 112 14 9 7 4 4 3 1 1 1 1
antarctic_sic_t_00124_date_01_01_1989 2173 2067 519 195 146 121 94 77 66 50 48 28 13 12 12 7 3 3 3 2 1 1 1
antarctic_sic_t_00125_date_01_02_1989 1449 1274 301 135 74 62 53 48 42 25 20 12 10 9 7 7 6 4 3 2 2 2 2 1 1 1 1
antarctic_sic_t_00126_date_01_03_1989 2139 1557 447 369 112 92 89 67 54 52 23 18 7 7 3 2 2 2 1 1 1 1 1
antarctic_sic_t_00127_date_01_04_1989 6141 2759 70 2
antarctic_sic_t_00128_date_01_05_1989 15589 2
antarctic_sic_t_00129_date_01_06_1989 20830 21
antarctic_sic_t_00130_date_01_07_1989 24343 1
antarctic_sic_t_00131_date_01_08_1989 27016 2
antarctic_sic_t_00132_date_01_09_1989 28220
antarctic_sic_t_00133_date_01_10_1989 27583 2
antarctic_sic_t_00134_date_01_11_1989 14259 9207 25 13 1
antarctic_sic_t_00135_date_01_12_1989 5475 4083 1881 192 172 124 116 91 55 16 12 12 10 8 6 1 1 1 1
antarctic_sic_t_00136_date_01_01_1990 2137 1549 870 439 380 109 103 53 47 21 17 15 14 8 7 6 4 4 2 1 1 1 1
antarctic_sic_t_00137_date_01_02_1990 1750 1182 521 303 44 35 31 27 19 14 7 2 2 1 1 1 1 1
antarctic_sic_t_00138_date_01_03_1990 2180 1911 440 391 75 54 30 28 15 14 8 5 3 3 2 2 1 1 1 1 1 1 1
antarctic_sic_t_00139_date_01_04_1990 5625 3822 691 12 2
antarctic_sic_t_00140_date_01_05_1990 14593 5
antarctic_sic_t_00141_date_01_06_1990 20101 6 1
antarctic_sic_t_00142_date_01_07_1990 23935 1
antarctic_sic_t_00143_date_01_08_1990 27291 1
antarctic_sic_t_00144_date_01_09_1990 28155
antarctic_sic_t_00145_date_01_10_1990 27723
antarctic_sic_t_00146_date_01_11_1990 22600 3 3 3 3 1
antarctic_sic_t_00147_date_01_12_1990 5873 4708 935 455 453 92 88 30 25 14 8 4 2 2 2 2 1 1 1 1 1 1 1
antarctic_sic_t_00148_date_01_01_1991 2918 1832 676 255 194 129 101 84 64 40 31 25 23 21 14 7 4 3 2 2 1 1 1 1 1 1 1
antarctic_sic_t_00149_date_01_02_1991 2308 429 410 122 70 53 31 28 27 27 19 13 10 7 6 5 4 4 4 3 2 2 1 1 1 1
antarctic_sic_t_00150_date_01_03_1991 2656 831 480 241 105 73 45 27 21 19 14 14 7 5 4 4 2 2 2 1 1 1 1 1
antarctic_sic_t_00151_date_01_04_1991 4866 4050 438 414 156 112 75 35 15 10 3 2 2 1 1 1
antarctic_sic_t_00152_date_01_05_1991 7711 7590 8 1
antarctic_sic_t_00153_date_01_06_1991 19535
antarctic_sic_t_00154_date_01_07_1991 23608
antarctic_sic_t_00155_date_01_08_1991 27440
antarctic_sic_t_00156_date_01_09_1991 28374
antarctic_sic_t_00157_date_01_10_1991 27350
antarctic_sic_t_00158_date_01_11_1991 22831 9 2 2 1 1 1
antarctic_sic_t_00159_date_01_12_1991 7641 3775 905 633 61 49 20 7 4 3 1 1 1
antarctic_sic_t_00160_date_01_01_1992 2725 722 589 446 376 308 212 197 73 44 31 29 13 10 6 4 2 2 2 2 2 1 1 1 1 1
antarctic_sic_t_00161_date_01_02_1992 1766 401 399 145 111 110 73 68 65 50 47 17 15 13 11 11 11 10 5 4 3 1 1 1 1 1
antarctic_sic_t_00162_date_01_03_1992 2619 700 445 147 90 58 51 47 47 39 36 18 15 12 12 5 4 4 3 3 3 3 2 2 2 1 1 1 1 1 1 1 1 1
antarctic_sic_t_00163_date_01_04_1992 4529 4042 1268 44 6 2
antarctic_sic_t_00164_date_01_05_1992 14856 1
antarctic_sic_t_00165_date_01_06_1992 19240
antarctic_sic_t_00166_date_01_07_1992 24591
antarctic_sic_t_00167_date_01_08_1992 27501
antarctic_sic_t_00168_date_01_09_1992 28065
antarctic_sic_t_00169_date_01_10_1992 27590
antarctic_sic_t_00170_date_01_11_1992 23181 10 7 2 2 1 1
antarctic_sic_t_00171_date_01_12_1992 5180 4515 1366 596 384 105 83 71 32 4 3 3 2 1 1 1 1 1
antarctic_sic_t_00172_date_01_01_1993 1725 1081 541 347 207 200 184 131 43 42 36 33 26 24 24 20 20 19 17 15 6 4 2 2 1 1 1 1 1 1
antarctic_sic_t_00173_date_01_02_1993 1093 230 215 194 103 100 78 67 55 44 36 35 24 18 17 16 15 15 14 13 12 11 9 8 8 5 4 3 2 2 2 2 2 2 2 1 1 1
antarctic_sic_t_00174_date_01_03_1993 1772 1351 410 354 95 72 70 69 43 36 32 20 15 14 13 13 7 7 7 4 3 2 1 1 1 1
antarctic_sic_t_00175_date_01_04_1993 4732 3695 1210 15 9 4
antarctic_sic_t_00176_date_01_05_1993 15225
antarctic_sic_t_00177_date_01_06_1993 20159 3
antarctic_sic_t_00178_date_01_07_1993 24439
antarctic_sic_t_00179_date_01_08_1993 27041 1
antarctic_sic_t_00180_date_01_09_1993 28910 1
antarctic_sic_t_00181_date_01_10_1993 28034
antarctic_sic_t_00182_date_01_11_1993 23911 2 1
antarctic_sic_t_00183_date_01_12_1993 5365 4510 1350 771 396 187 55 24 12 11 3 3 2 2 1 1 1 1 1
antarctic_sic_t_00184_date_01_01_1994 2648 1318 912 638 278 100 82 56 21 12 7 7 5 3 2 2 1 1 1
antarctic_sic_t_00185_date_01_02_1994 1884 506 389 378 358 107 83 70 69 65 17 9 7 4 3 2 2 2 2 1 1 1
antarctic_sic_t_00186_date_01_03_1994 2888 2567 285 83 78 59 46 38 36 31 13 7 6 4 1 1
antarctic_sic_t_00187_date_01_04_1994 5968 4544 38 10 4 2 1
antarctic_sic_t_00188_date_01_05_1994 15587 21 19
antarctic_sic_t_00189_date_01_06_1994 20545 1
antarctic_sic_t_00190_date_01_07_1994 25257
antarctic_sic_t_00191_date_01_08_1994 27810
antarctic_sic_t_00192_date_01_09_1994 28908
antarctic_sic_t_00193_date_01_10_1994 27950
antarctic_sic_t_00194_date_01_11_1994 23313 13 7 1 1 1
antarctic_sic_t_00195_date_01_12_1994 5610 5564 1218 750 111 68 68 23 19 10 10 4 3 1
antarctic_sic_t_00196_date_01_01_1995 3114 1764 806 470 309 79 72 44 42 33 27 21 18 17 16 15 12 9 4 3 2 1
antarctic_sic_t_00197_date_01_02_1995 2163 734 505 274 196 106 51 48 38 25 21 19 15 13 9 9 6 3 2 2 1 1 1 1 1 1
antarctic_sic_t_00198_date_01_03_1995 2428 2062 490 274 273 125 108 71 65 26 9 8 4 2 2 2 1 1 1
antarctic_sic_t_00199_date_01_04_1995 6755 3859 5 3
antarctic_sic_t_00200_date_01_05_1995 15716 8 4
antarctic_sic_t_00201_date_01_06_1995 20257 1
antarctic_sic_t_00202_date_01_07_1995 24216
antarctic_sic_t_00203_date_01_08_1995 27682
antarctic_sic_t_00204_date_01_09_1995 28622
antarctic_sic_t_00205_date_01_10_1995 27515 10 2
antarctic_sic_t_00206_date_01_11_1995 23083 2 1 1 1
antarctic_sic_t_00207_date_01_12_1995 6258 4915 1405 917 67 56 49 37 19 5 3 1 1 1 1
antarctic_sic_t_00208_date_01_01_1996 3172 2602 406 218 112 79 65 53 52 31 23 10 9 8 6 5 5 4 4 2 2 1 1 1 1 1 1
antarctic_sic_t_00209_date_01_02_1996 1409 583 353 135 132 96 93 56 47 45 44 25 22 22 20 17 13 13 7 6 3 3 3 2 2 1 1 1
antarctic_sic_t_00210_date_01_03_1996 2402 1573 639 251 118 49 41 40 21 17 14 13 9 9 9 5 4 3 2 2 2 2 2 1 1 1 1 1
antarctic_sic_t_00211_date_01_04_1996 5668 3155 1295 320 74 16 13 9 8 7 5
antarctic_sic_t_00212_date_01_05_1996 16571 12 12
antarctic_sic_t_00213_date_01_06_1996 21340 1
antarctic_sic_t_00214_date_01_07_1996 24913
antarctic_sic_t_00215_date_01_08_1996 27496
antarctic_sic_t_00216_date_01_09_1996 28765 7
antarctic_sic_t_00217_date_01_10_1996 27612 2 1
antarctic_sic_t_00218_date_01_11_1996 23173 14 1 1
antarctic_sic_t_00219_date_01_12_1996 5708 4656 749 340 176 78 58 11 9 3 2 2 1 1
antarctic_sic_t_00220_date_01_01_1997 1938 931 762 429 339 130 86 51 48 43 26 19 18 13 6 6 4 3 1 1 1 1 1 1
antarctic_sic_t_00221_date_01_02_1997 1660 284 221 172 146 126 79 65 58 31 22 17 13 9 8 6 6 5 3 2 2 1 1 1 1
antarctic_sic_t_00222_date_01_03_1997 2238 938 384 140 92 77 61 56 55 54 53 44 43 15 14 4 3 2 2 2 2 1 1 1 1 1 1
antarctic_sic_t_00223_date_01_04_1997 5996 3172 150 44 39 5 3 2 1
antarctic_sic_t_00224_date_01_05_1997 15134 14 1
antarctic_sic_t_00225_date_01_06_1997 19646 4 3
antarctic_sic_t_00226_date_01_07_1997 24630 1
antarctic_sic_t_00227_date_01_08_1997 27530
antarctic_sic_t_00228_date_01_09_1997 28605
antarctic_sic_t_00229_date_01_10_1997 27347
antarctic_sic_t_00230_date_01_11_1997 15697 7652 3 1 1
antarctic_sic_t_00231_date_01_12_1997 7064 4096 1076 982 168 116 89 78 64 17 16 3 1 1 1 1 1 1 1
antarctic_sic_t_00232_date_01_01_1998 2119 1806 537 443 97 90 59 44 29 28 27 24 19 13 6 6 4 4 3 2 2 2 2 1 1 1 1
antarctic_sic_t_00233_date_01_02_1998 1211 1029 393 312 138 82 70 51 48 46 22 22 16 12 8 7 7 6 4 2 2 1 1 1 1 1
antarctic_sic_t_00234_date_01_03_1998 2687 1740 497 475 48 33 14 9 4 4 2 1 1 1 1 1 1 1
antarctic_sic_t_00235_date_01_04_1998 6680 3111 6 2 2 2 1
antarctic_sic_t_00236_date_01_05_1998 10248 5346 4
antarctic_sic_t_00237_date_01_06_1998 20154 1 1
antarctic_sic_t_00238_date_01_07_1998 24781 3 1
antarctic_sic_t_00239_date_01_08_1998 27793
antarctic_sic_t_00240_date_01_09_1998 29358
antarctic_sic_t_00241_date_01_10_1998 28700 1
antarctic_sic_t_00242_date_01_11_1998 24045 25 1 1
antarctic_sic_t_00243_date_01_12_1998 6835 4959 1344 9 4 2 2 1 1 1 1
antarctic_sic_t_00244_date_01_01_1999 3011 1591 515 266 246 71 64 48 18 17 15 12 11 11 10 6 3 3 2 2 2 1 1 1 1 1
antarctic_sic_t_00245_date_01_02_1999 1142 913 367 196 146 115 95 69 45 23 17 14 7 7 6 6 5 4 3 2 2 2 2 2 1 1 1 1 1
antarctic_sic_t_00246_date_01_03_1999 2675 1291 560 374 90 55 34 33 14 13 7 7 4 3 2 2 2 2 1 1 1 1
antarctic_sic_t_00247_date_01_04_1999 7779 2239 1 1
antarctic_sic_t_00248_date_01_05_1999 15373 2
antarctic_sic_t_00249_date_01_06_1999 20962 10
antarctic_sic_t_00250_date_01_07_1999 25304 1
antarctic_sic_t_00251_date_01_08_1999 27898
antarctic_sic_t_00252_date_01_09_1999 28927
antarctic_sic_t_00253_date_01_10_1999 28320
antarctic_sic_t_00254_date_01_11_1999 14597 8948 5 2 2
antarctic_sic_t_00255_date_01_12_1999 6385 5670 916 361 47 39 39 21 21 9 7 5 4 1
antarctic_sic_t_00256_date_01_01_2000 2594 1612 381 354 132 103 72 69 53 50 48 32 26 18 13 7 7 3 3 3 2 1 1
antarctic_sic_t_00257_date_01_02_2000 1439 539 267 158 114 76 74 72 64 58 43 21 19 17 17 17 14 13 10 8 6 4 4 3 2 2 1 1 1 1 1 1
antarctic_sic_t_00258_date_01_03_2000 2076 2071 391 345 281 68 62 17 15 15 11 6 6 5 3 3 2 1 1 1
antarctic_sic_t_00259_date_01_04_2000 5247 4607 559 10 2 1 1
antarctic_sic_t_00260_date_01_05_2000 16535 9 4 1
antarctic_sic_t_00261_date_01_06_2000 21398 1
antarctic_sic_t_00262_date_01_07_2000 24774 3
antarctic_sic_t_00263_date_01_08_2000 28354 1
antarctic_sic_t_00264_date_01_09_2000 29307
antarctic_sic_t_00265_date_01_10_2000 27865
antarctic_sic_t_00266_date_01_11_2000 14857 8720 3 1 1
antarctic_sic_t_00267_date_01_12_2000 6607 5341 884 98 37 12 8 2 2 1 1 1
antarctic_sic_t_00268_date_01_01_2001 2461 2265 584 464 393 206 141 69 43 30 27 14 13 13 9 4 4 2 2 1 1 1
antarctic_sic_t_00269_date_01_02_2001 1751 1678 350 171 147 83 47 38 34 18 15 15 11 10 10 6 4 4 4 4 4 3 3 2 2 2 2 2 2 2 2 1 1 1 1 1 1
antarctic_sic_t_00270_date_01_03_2001 3454 2710 296 57 48 42 4 4 4 2 2 1 1 1 1
antarctic_sic_t_00271_date_01_04_2001 4946 4059 1127 48 7 3 3 2 1 1 1 1 1
antarctic_sic_t_00272_date_01_05_2001 15580 2
antarctic_sic_t_00273_date_01_06_2001 20576 4
antarctic_sic_t_00274_date_01_07_2001 24492 1
antarctic_sic_t_00275_date_01_08_2001 26826
antarctic_sic_t_00276_date_01_09_2001 28188 8
antarctic_sic_t_00277_date_01_10_2001 26843
antarctic_sic_t_00278_date_01_11_2001 13314 8950 39 10 2 2 1 1
antarctic_sic_t_00279_date_01_12_2001 6208 5443 668 70 51 47 35 34 26 11 8 6 6 4 2 1 1 1 1 1 1 1 1
antarctic_sic_t_00280_date_01_01_2002 1966 1728 304 261 249 224 163 86 72 48 32 29 28 21 17 16 11 11 4 3 1 1 1 1 1 1
antarctic_sic_t_00281_date_01_02_2002 1697 361 292 144 115 90 90 56 52 48 40 30 24 21 20 20 12 12 10 9 7 7 5 3 3 3 2 2 2 2 1 1 1 1 1 1 1 1 1
antarctic_sic_t_00282_date_01_03_2002 1964 1884 168 141 79 46 40 26 23 12 10 9 9 8 7 7 6 5 4 3 3 2 2 2 1 1 1 1 1 1 1
antarctic_sic_t_00283_date_01_04_2002 4519 3331 864 85 60 58 50 15 11 8 6 3
antarctic_sic_t_00284_date_01_05_2002 14155 1
antarctic_sic_t_00285_date_01_06_2002 18566
antarctic_sic_t_00286_date_01_07_2002 23852
antarctic_sic_t_00287_date_01_08_2002 26346 1
antarctic_sic_t_00288_date_01_09_2002 27599 1
antarctic_sic_t_00289_date_01_10_2002 27610
antarctic_sic_t_00290_date_01_11_2002 14668 7995 2 1
antarctic_sic_t_00291_date_01_12_2002 8409 4471 957 725 108 60 13 4 3 3 3 2 2 1 1 1
antarctic_sic_t_00292_date_01_01_2003 3730 1879 544 430 406 210 118 57 46 43 22 12 11 10 8 4 2 1 1 1 1 1 1 1
antarctic_sic_t_00293_date_01_02_2003 2581 1314 409 217 83 68 63 46 37 22 21 19 17 14 13 7 5 5 5 5 4 4 2 2 2 1 1
antarctic_sic_t_00294_date_01_03_2003 2705 2638 248 48 47 45 24 20 19 17 16 9 6 2 2 2 2 2 1 1 1 1 1 1 1 1
antarctic_sic_t_00295_date_01_04_2003 4799 4383 606 540 255 41 7 4 2 2 1
antarctic_sic_t_00296_date_01_05_2003 16102 3
antarctic_sic_t_00297_date_01_06_2003 21416
antarctic_sic_t_00298_date_01_07_2003 25360 1
antarctic_sic_t_00299_date_01_08_2003 27073
antarctic_sic_t_00300_date_01_09_2003 28425
antarctic_sic_t_00301_date_01_10_2003 27943
antarctic_sic_t_00302_date_01_11_2003 23633 1 1 1 1
antarctic_sic_t_00303_date_01_12_2003 5445 4933 1777 693 588 151 96 55 17 13 5 4 2 1 1 1 1 1 1 1
antarctic_sic_t_00304_date_01_01_2004 3107 2201 641 304 221 187 136 84 45 45 41 29 22 14 4 4 4 2 1 1 1
antarctic_sic_t_00305_date_01_02_2004 2171 1029 363 338 112 54 42 41 41 36 23 19 9 5 4 4 4 4 4 3 3 3 2 2 2 1 1 1 1 1
antarctic_sic_t_00306_date_01_03_2004 2901 2463 409 50 49 35 33 32 7 4 3 2 2 2 2 2 2 1
antarctic_sic_t_00307_date_01_04_2004 4893 4340 1135 153 63 49 11 7 2 2
antarctic_sic_t_00308_date_01_05_2004 15615 3
antarctic_sic_t_00309_date_01_06_2004 21133
antarctic_sic_t_00310_date_01_07_2004 25389
antarctic_sic_t_00311_date_01_08_2004 28056
antarctic_sic_t_00312_date_01_09_2004 29368
antarctic_sic_t_00313_date_01_10_2004 28481
antarctic_sic_t_00314_date_01_11_2004 23683 2 1
antarctic_sic_t_00315_date_01_12_2004 5954 4677 1947 104 47 42 39 38 16 9 5 3 2 1 1 1 1
antarctic_sic_t_00316_date_01_01_2005 1997 1175 667 439 313 242 173 149 41 35 24 19 12 5 5 4 2 1 1 1 1 1
antarctic_sic_t_00317_date_01_02_2005 1674 968 357 128 76 67 56 46 45 41 39 39 24 12 11 8 6 5 4 3 3 3 2 1 1
antarctic_sic_t_00318_date_01_03_2005 2427 1821 544 112 91 59 53 49 38 36 32 25 8 6 4 4 2 2 2 1 1 1 1 1 1
antarctic_sic_t_00319_date_01_04_2005 6458 2566 1161 91 23 1 1
antarctic_sic_t_00320_date_01_05_2005 15419 1
antarctic_sic_t_00321_date_01_06_2005 20131 3 1
antarctic_sic_t_00322_date_01_07_2005 24922
antarctic_sic_t_00323_date_01_08_2005 27834
antarctic_sic_t_00324_date_01_09_2005 29306
antarctic_sic_t_00325_date_01_10_2005 28096
antarctic_sic_t_00326_date_01_11_2005 15861 8217 3 2
antarctic_sic_t_00327_date_01_12_2005 4588 4515 1671 968 58 42 36 6 1 1 1
antarctic_sic_t_00328_date_01_01_2006 1809 1451 501 444 161 120 98 89 56 35 26 18 15 9 8 4 3 1 1 1 1 1
antarctic_sic_t_00329_date_01_02_2006 1620 997 299 268 46 42 23 14 8 4 3 3 2 2 2 2 2 2 1 1 1 1 1
antarctic_sic_t_00330_date_01_03_2006 1570 1511 350 152 129 59 37 36 22 12 11 6 3 3 3 2 1 1 1 1 1 1 1
antarctic_sic_t_00331_date_01_04_2006 4784 2171 686 395 175 148 67 49 12 5 5 2 1 1 1
antarctic_sic_t_00332_date_01_05_2006 13941 10 1
antarctic_sic_t_00333_date_01_06_2006 20418
antarctic_sic_t_00334_date_01_07_2006 25007 2
antarctic_sic_t_00335_date_01_08_2006 28097
antarctic_sic_t_00336_date_01_09_2006 29745
antarctic_sic_t_00337_date_01_10_2006 28861
antarctic_sic_t_00338_date_01_11_2006 23961 21 3 3 1 1
antarctic_sic_t_00339_date_01_12_2006 6944 5331 126 65 44 38 24 23 21 13 11 3 3 3 2 2 1
antarctic_sic_t_00340_date_01_01_2007 1904 1478 708 678 151 105 50 47 24 23 22 19 10 10 8 7 4 3 3 3 3 3 3 2 1 1 1
antarctic_sic_t_00341_date_01_02_2007 1654 526 446 348 245 122 69 24 22 11 10 9 6 6 4 4 2 2 2 2 2 2 1 1 1 1 1
antarctic_sic_t_00342_date_01_03_2007 2007 1463 506 496 403 60 29 23 21 13 9 9 6 5 3 3 2 1 1 1 1
antarctic_sic_t_00343_date_01_04_2007 4612 3343 1154 52 49 7 2 1
antarctic_sic_t_00344_date_01_05_2007 14341 2 2
antarctic_sic_t_00345_date_01_06_2007 20270 7
antarctic_sic_t_00346_date_01_07_2007 24492 1
antarctic_sic_t_00347_date_01_08_2007 27345
antarctic_sic_t_00348_date_01_09_2007 29419 1
antarctic_sic_t_00349_date_01_10_2007 28435 9
antarctic_sic_t_00350_date_01_11_2007 23527 1
antarctic_sic_t_00351_date_01_12_2007 10404 6818 28 6 5 3 3 1
antarctic_sic_t_00352_date_01_01_2008 2931 2803 411 292 263 236 65 63 38 34 33 29 19 8 8 4 4 4 3 3 3 2 1 1 1 1
antarctic_sic_t_00353_date_01_02_2008 2209 610 397 288 181 170 162 121 64 28 22 21 12 12 11 10 6 6 4 4 3 2 2 1 1 1 1 1 1 1 1 1
antarctic_sic_t_00354_date_01_03_2008 3060 2762 945 74 65 59 40 7 7 5 3 3 2 2 2 2 2 1 1
antarctic_sic_t_00355_date_01_04_2008 7452 4647 2 1
antarctic_sic_t_00356_date_01_05_2008 16727 2
antarctic_sic_t_00357_date_01_06_2008 21687 4
antarctic_sic_t_00358_date_01_07_2008 24868 1
antarctic_sic_t_00359_date_01_08_2008 27423
antarctic_sic_t_00360_date_01_09_2008 28017
antarctic_sic_t_00361_date_01_10_2008 27731 13
antarctic_sic_t_00362_date_01_11_2008 24225 57 1 1 1
antarctic_sic_t_00363_date_01_12_2008 7269 6115 783 269 183 98 51 35 22 11 6 5 3 2 2 1 1 1 1
antarctic_sic_t_00364_date_01_01_2009 2575 2340 377 372 115 65 55 42 40 24 18 17 16 16 13 11 7 7 6 5 4 4 2 1 1 1 1 1 1 1 1 1 1
antarctic_sic_t_00365_date_01_02_2009 1864 541 290 221 151 82 39 30 26 22 18 18 13 11 8 6 5 4 4 4 3 3 2 2 2 1 1 1
antarctic_sic_t_00366_date_01_03_2009 2610 2343 334 113 72 55 33 19 12 10 4 4 3 3 3 3 2 1 1 1
antarctic_sic_t_00367_date_01_04_2009 6702 4778 3 3 1 1 1
antarctic_sic_t_00368_date_01_05_2009 16442 4 1
antarctic_sic_t_00369_date_01_06_2009 21364 11 3
antarctic_sic_t_00370_date_01_07_2009 25099 1
antarctic_sic_t_00371_date_01_08_2009 27906
antarctic_sic_t_00372_date_01_09_2009 29396
antarctic_sic_t_00373_date_01_10_2009 28184 1
antarctic_sic_t_00374_date_01_11_2009 23863 3 2 1 1
antarctic_sic_t_00375_date_01_12_2009 5897 5171 1776 1102 100 15 11 3 2 1 1 1
antarctic_sic_t_00376_date_01_01_2010 2860 1324 641 515 340 107 40 33 25 23 4 3 3 2 1 1 1 1 1 1
antarctic_sic_t_00377_date_01_02_2010 2047 614 328 154 154 108 80 67 50 17 11 8 6 6 5 5 3 3 2 2 2 2 2 1 1 1 1
antarctic_sic_t_00378_date_01_03_2010 2724 1493 373 131 76 56 45 41 31 23 18 12 11 8 7 5 4 4 2 1 1 1 1 1 1
antarctic_sic_t_00379_date_01_04_2010 5474 3778 195 123 44 7 2 1 1 1
antarctic_sic_t_00380_date_01_05_2010 15973 2
antarctic_sic_t_00381_date_01_06_2010 22216 5
antarctic_sic_t_00382_date_01_07_2010 26352 3
antarctic_sic_t_00383_date_01_08_2010 29025
antarctic_sic_t_00384_date_01_09_2010 28555 1
antarctic_sic_t_00385_date_01_10_2010 28972 2
antarctic_sic_t_00386_date_01_11_2010 14599 10362 29 11 10 2 1 1 1 1
antarctic_sic_t_00387_date_01_12_2010 6842 3283 2817 312 255 40 27 25 25 20 14 12 10 10 7 7 7 2 2 2 2 1 1 1 1
antarctic_sic_t_00388_date_01_01_2011 1817 920 774 717 219 143 56 42 32 21 17 11 10 8 8 7 6 6 5 2 2 2 2 1 1 1 1 1 1 1
antarctic_sic_t_00389_date_01_02_2011 1642 545 439 400 126 46 21 21 11 10 7 6 4 3 2 1 1 1 1
antarctic_sic_t_00390_date_01_03_2011 1891 882 648 408 240 135 36 19 16 8 3 3 3 2 1 1 1 1 1 1
antarctic_sic_t_00391_date_01_04_2011 4560 3942 252 2 2 2 1
antarctic_sic_t_00392_date_01_05_2011 15347 3 2
antarctic_sic_t_00393_date_01_06_2011 20277 9
antarctic_sic_t_00394_date_01_07_2011 24176 2
antarctic_sic_t_00395_date_01_08_2011 27452
antarctic_sic_t_00396_date_01_09_2011 29027
antarctic_sic_t_00397_date_01_10_2011 27939
antarctic_sic_t_00398_date_01_11_2011 23419 1 1
antarctic_sic_t_00399_date_01_12_2011 8498 5553 625 51 42 24 23 16 12 8 3 2 1 1
antarctic_sic_t_00400_date_01_01_2012 2962 2594 697 246 64 47 47 29 11 9 9 5 5 5 4 4 3 3 3 3 2 2 1 1 1
antarctic_sic_t_00401_date_01_02_2012 2115 807 519 231 93 47 47 45 40 18 18 14 11 10 9 9 8 6 5 4 3 2 2 1 1 1
antarctic_sic_t_00402_date_01_03_2012 2715 1764 838 261 65 51 26 10 8 8 8 6 3 3 2 1 1 1 1 1 1
antarctic_sic_t_00403_date_01_04_2012 5600 4938 75 15 4 2 1 1 1
antarctic_sic_t_00404_date_01_05_2012 15697 4 1
antarctic_sic_t_00405_date_01_06_2012 20727 1
antarctic_sic_t_00406_date_01_07_2012 25404 1
antarctic_sic_t_00407_date_01_08_2012 28159 1
antarctic_sic_t_00408_date_01_09_2012 30033
antarctic_sic_t_00409_date_01_10_2012 28548
antarctic_sic_t_00410_date_01_11_2012 23724 1 1
antarctic_sic_t_00411_date_01_12_2012 7372 6738 21 16 16 7 3 3 2
