0 79.29243 124.2876 90.76521 34.17214 94.80564 159.9318 38.81092 96.94032 97.87625 158.3899 92.17026 144.1954 145.4386 153.6537 154.262 167.6876 159.1526 164.7037 133.5151 134.8687 136.3663 141.9713 148.8707 152.2226 166.7406
79.29243 0 50.08105 21.33594 108.1746 32.00174 85.54052 110.4542 35.28298 38.07741 94.62987 149.7934 78.48921 83.05353 102.9375 105.8937 137.2592 111.4562 126.1631 172.0071 133.9135 137.1212 142.5712 149.1956 180.311 176.9677
124.2876 50.08105 0 33.5376 148.1442 31.50163 35.93124 149.0254 30.75604 31.60606 48.44079 177.0627 32.67066 39.65102 66.43414 70.84386 111.0209 75.98313 95.54731 185.9669 128.8592 132.6058 137.0185 142.4188 187.1472 173.023
90.76521 21.33594 33.5376 0 115.5224 11.12555 69.34855 116.7829 14.31782 17.26268 74.19767 149.3132 58.25805 62.24147 81.61648 84.63008 117.199 90.19254 105.3862 165.0812 119.1251 122.5602 127.751 134.0718 170.4307 163.0703
34.17214 108.1746 148.1442 115.5224 0 116.9891 182.5637 5.953678 118.4463 118.6464 175.4839 61.18927 162.9486 162.6336 165.2674 164.8321 169.6224 169.0918 170.3308 108.0269 126.9486 127.5192 132.6214 139.002 129.9903 151.2158
94.80564 32.00174 31.50163 11.12555 116.9891 0 65.69613 117.6932 3.282953 6.146363 65.96803 146.3436 50.53492 53.5205 71.11513 73.94386 106.0765 79.50439 94.32759 158.8255 109.5648 113.0786 118.1437 124.323 162.7824 153.7255
159.9318 85.54052 35.93124 69.34855 182.5637 65.69613 0 183.0528 64.1184 64.00625 33.97762 206.6521 29.13779 36.20353 62.98286 68.13066 111.2492 71.59917 93.34852 209.088 143.7633 147.5812 151.019 155.2545 206.3211 186.1055
38.81092 110.4542 149.0254 116.7829 5.953678 117.6932 183.0528 0 119.0011 119.0515 174.8715 55.35268 162.706 162.0903 163.6964 163.0828 166.4713 167.2178 167.7453 102.1037 122.6004 123.0498 128.0676 134.3609 124.1981 145.9247
96.94032 35.28298 30.75604 14.31782 118.4463 3.282953 64.1184 119.0011 0 3 63.14936 146.4924 47.88528 50.60632 67.84725 70.66293 102.9371 76.22322 91.08375 157.8846 107.3769 110.9234 115.928 122.0387 161.3352 151.6062
97.87625 38.07741 31.60606 17.26268 118.6464 6.146363 64.00625 119.0515 3 0 61.50254 145.4578 46.51881 48.82622 65.25527 67.97978 99.95817 73.53605 88.18872 155.9712 104.6633 108.2266 113.1981 119.2726 159.0626 148.9227
158.3899 94.62987 48.44079 74.19767 175.4839 65.96803 33.97762 174.8715 63.14936 61.50254 0 189.7806 16.2249 12.96766 29.79134 34.8785 77.67119 37.85396 59.5884 185.0639 115.1904 118.9494 121.7436 125.269 179.2596 155.7614
92.17026 149.7934 177.0627 149.3132 61.18927 146.3436 206.6521 55.35268 146.4924 145.4578 189.7806 0 181.3216 178.2359 170.6636 168.4175 157.2936 171.119 164.536 52.30327 102.496 101.2067 104.4939 108.9338 78.07666 109.2957
144.1954 78.48921 32.67066 58.25805 162.9486 50.53492 29.13779 162.706 47.88528 46.51881 16.2249 181.3216 0 8.246211 36.98986 41.96725 84.73 46.39713 67.58143 180.8314 114.6263 118.4441 121.8926 126.1854 177.3545 157.061
145.4386 83.05353 39.65102 62.24147 162.6336 53.5205 36.20353 162.0903 50.60632 48.82622 12.96766 178.2359 8.246211 0 28.74456 33.72314 76.54631 38.16666 59.34012 175.6677 108.0185 111.8258 115.0818 119.1636 171.2852 149.9762
153.6537 102.9375 66.43414 81.61648 165.2674 71.11513 62.98286 163.6964 67.84725 65.25527 29.79134 170.6636 36.98986 28.74456 0 5.147815 48.29262 9.573827 30.67572 160.1291 87.56854 91.23185 93.52306 96.54586 152.1232 126.6917
154.262 105.8937 70.84386 84.63008 164.8321 73.94386 68.13066 163.0828 70.66293 67.97978 34.8785 168.4175 41.96725 33.72314 5.147815 0 43.15075 5.562722 25.62226 156.5655 83.40054 87.02442 89.1477 91.99376 147.9962 121.9907
167.6876 137.2592 111.0209 117.199 169.6224 106.0765 111.2492 166.4713 102.9371 99.95817 77.67119 157.2936 84.73 76.54631 48.29262 43.15075 0 39.83644 18.30872 132.8519 57.3922 60.02972 59.59169 59.62227 118.3694 86.02754
159.1526 111.4562 75.98313 90.19254 169.0918 79.50439 71.59917 167.2178 76.22322 73.53605 37.85396 171.119 46.39713 38.16666 9.573827 5.562722 39.83644 0 21.75384 157.6439 83.61276 87.15 88.93019 91.37538 148.1605 120.9421
164.7037 126.1631 95.54731 105.3862 170.3308 94.32759 93.34852 167.7453 91.08375 88.18872 59.5884 164.536 67.58143 59.34012 30.67572 25.62226 18.30872 21.75384 0 145.0002 69.3401 72.5 73.18512 74.43522 132.7302 102.5545
133.5151 172.0071 185.9669 165.0812 108.0269 158.8255 209.088 102.1037 157.8846 155.9712 185.0639 52.30327 180.8314 175.6677 160.1291 156.5655 132.8519 157.6439 145.0002 0 75.77799 72.87952 73.48028 74.99771 26.79218 63.72252
134.8687 133.9135 128.8592 119.1251 126.9486 109.5648 143.7633 122.6004 107.3769 104.6633 115.1904 102.496 114.6263 108.0185 87.56854 83.40054 57.3922 83.61276 69.3401 75.77799 0 3.820995 8.660976 15.42312 64.59901 44.34002
136.3663 137.1212 132.6058 122.5602 127.5192 113.0786 147.5812 123.0498 110.9234 108.2266 118.9494 101.2067 118.4441 111.8258 91.23185 87.02442 60.02972 87.15 72.5 72.87952 3.820995 0 5.771698 12.8161 61.01455 40.71018
141.9713 142.5712 137.0185 127.751 132.6214 118.1437 151.019 128.0676 115.928 113.1981 121.7436 104.4939 121.8926 115.0818 93.52306 89.1477 59.59169 88.93019 73.18512 73.48028 8.660976 5.771698 0 7.045566 59.58022 36.0114
148.8707 149.1956 142.4188 134.0718 139.002 124.323 155.2545 134.3609 122.0387 119.2726 125.269 108.9338 126.1854 119.1636 96.54586 91.99376 59.62227 91.37538 74.43522 74.99771 15.42312 12.8161 7.045566 0 58.7474 30.91402
152.2226 180.311 187.1472 170.4307 129.9903 162.7824 206.3211 124.1981 161.3352 159.0626 179.2596 78.07666 177.3545 171.2852 152.1232 147.9962 118.3694 148.1605 132.7302 26.79218 64.59901 61.01455 59.58022 58.7474 0 39.60984
166.7406 176.9677 173.023 163.0703 151.2158 153.7255 186.1055 145.9247 151.6062 148.9227 155.7614 109.2957 157.061 149.9762 126.6917 121.9907 86.02754 120.9421 102.5545 63.72252 44.34002 40.71018 36.0114 30.91402 39.60984 0
