antarctic_sic_t_00001_date_01_10_1978 29441 11 2 2 1 1 1 1 1 1
antarctic_sic_t_00002_date_01_11_1978 27633 2 1
antarctic_sic_t_00001_date_01_10_1978 29441 11 2 2 1 1 1 1 1 1
antarctic_sic_t_00002_date_01_11_1978 27633 2 1
antarctic_sic_t_00001_date_01_10_1978 29441 11 2 2 1 1 1 1 1 1
antarctic_sic_t_00002_date_01_11_1978 27633 2 1
antarctic_sic_t_00001_date_01_10_1978 29441 11 2 2 1 1 1 1 1 1
antarctic_sic_t_00002_date_01_11_1978 27633 2 1
antarctic_sic_t_00001_date_01_10_1978 29441 11 2 2 1 1 1 1 1 1
antarctic_sic_t_00002_date_01_11_1978 27633 2 1
antarctic_sic_t_00001_date_01_10_1978 29441 11 2 2 1 1 1 1 1 1
antarctic_sic_t_00002_date_01_11_1978 27633 2 1
antarctic_sic_t_00003_date_01_12_1978 10138 7817 1242 2 2 1 1 1 1
antarctic_sic_t_00004_date_01_01_1979 3708 3220 762 743 545 521 111 55 48 5 2 1 1
antarctic_sic_t_00005_date_01_02_1979 1829 1705 599 498 345 100 78 26 20 16 9 5 5 3 3 3 3 3 3 3 1 1 1 1 1 1 1
antarctic_sic_t_00006_date_01_03_1979 2915 2568 1373 302 246 67 29 29 1 1 1
antarctic_sic_t_00007_date_01_04_1979 8873 4688 25
antarctic_sic_t_00008_date_01_05_1979 18938 5
antarctic_sic_t_00009_date_01_06_1979 24579
antarctic_sic_t_00010_date_01_07_1979 28077
antarctic_sic_t_00011_date_01_08_1979 30324
antarctic_sic_t_00012_date_01_09_1979 30923 1
antarctic_sic_t_00013_date_01_10_1979 30259
antarctic_sic_t_00014_date_01_11_1979 26657
antarctic_sic_t_00015_date_01_12_1979 13251 4622 16 1 1 1 1
antarctic_sic_t_00016_date_01_01_1980 3050 2664 852 618 599 159 73 34 11 10 8 7 7 6 4 3 2 1 1 1 1 1 1 1
antarctic_sic_t_00017_date_01_02_1980 1940 1920 354 131 107 75 61 55 42 39 36 25 23 15 6 6 5 4 3 3 2 2 2 1 1 1 1 1 1 1 1
antarctic_sic_t_00018_date_01_03_1980 2473 2457 448 336 76 50 40 7 5 4 4 3 3 2 2 1
antarctic_sic_t_00019_date_01_04_1980 3979 3966 766 609 239 237 79 35 18 3 1 1
antarctic_sic_t_00020_date_01_05_1980 15742 5
antarctic_sic_t_00021_date_01_06_1980 22132
antarctic_sic_t_00022_date_01_07_1980 26965
antarctic_sic_t_00023_date_01_08_1980 30464 11
antarctic_sic_t_00024_date_01_09_1980 32103 2
antarctic_sic_t_00025_date_01_10_1980 31817 2
antarctic_sic_t_00026_date_01_11_1980 28150 1 1 1
antarctic_sic_t_00027_date_01_12_1980 12174 6804 3 2 1 1 1 1
antarctic_sic_t_00028_date_01_01_1981 3102 2085 948 770 453 98 64 53 23 20 6 6 4 4 3 3 2 1 1
antarctic_sic_t_00029_date_01_02_1981 1463 1287 700 502 451 162 97 87 34 20 17 16 7 5 2 2 1 1 1
antarctic_sic_t_00030_date_01_03_1981 2944 1728 688 504 85 74 64 10 9 7 6 2 2 1 1 1 1 1
antarctic_sic_t_00031_date_01_04_1981 7028 3450 12 5
antarctic_sic_t_00032_date_01_05_1981 16791
antarctic_sic_t_00033_date_01_06_1981 23202
antarctic_sic_t_00034_date_01_07_1981 27556
antarctic_sic_t_00035_date_01_08_1981 30604
antarctic_sic_t_00036_date_01_09_1981 31821
antarctic_sic_t_00037_date_01_10_1981 31238
antarctic_sic_t_00038_date_01_11_1981 27396
antarctic_sic_t_00039_date_01_12_1981 12814 7793 5 1 1
antarctic_sic_t_00040_date_01_01_1982 5173 2645 717 479 59 51 23 13 7 5 1 1 1 1
antarctic_sic_t_00041_date_01_02_1982 2102 1958 385 303 140 85 65 53 37 26 19 10 8 7 6 4 3 3 3 3 1 1
antarctic_sic_t_00042_date_01_03_1982 4381 2430 445 324 260 89 66 27 5 4 3 2 1
antarctic_sic_t_00043_date_01_04_1982 13615 2
antarctic_sic_t_00044_date_01_05_1982 18468 9 2
antarctic_sic_t_00045_date_01_06_1982 23253
antarctic_sic_t_00046_date_01_07_1982 27162
antarctic_sic_t_00047_date_01_08_1982 30335
antarctic_sic_t_00048_date_01_09_1982 31262
antarctic_sic_t_00049_date_01_10_1982 30242
antarctic_sic_t_00050_date_01_11_1982 26859 1
antarctic_sic_t_00051_date_01_12_1982 9687 7056 16 12 2 1 1 1
antarctic_sic_t_00052_date_01_01_1983 3475 3003 568 469 434 217 84 72 63 38 18 9 6 3 3 2 1 1 1
antarctic_sic_t_00053_date_01_02_1983 2201 1971 351 179 113 112 65 30 27 20 12 11 11 10 7 6 4 4 4 3 2 2 2 2 1 1 1 1 1 1 1 1
antarctic_sic_t_00054_date_01_03_1983 3465 2577 471 275 135 74 65 50 48 14 3 2 2 1 1
antarctic_sic_t_00055_date_01_04_1983 7069 4371 252 72 2 1 1 1 1 1 1 1
antarctic_sic_t_00056_date_01_05_1983 16760 1
antarctic_sic_t_00057_date_01_06_1983 22272 2
antarctic_sic_t_00058_date_01_07_1983 26582 4
antarctic_sic_t_00059_date_01_08_1983 29519 1
antarctic_sic_t_00060_date_01_09_1983 31642
antarctic_sic_t_00061_date_01_10_1983 30335
antarctic_sic_t_00062_date_01_11_1983 27340 1 1
antarctic_sic_t_00063_date_01_12_1983 11466 7185 666 1 1 1 1
antarctic_sic_t_00064_date_01_01_1984 3438 2778 962 534 440 264 239 102 85 37 23 13 12 6 5 3 3 2 2 2 2 1 1 1
antarctic_sic_t_00065_date_01_02_1984 1770 1646 494 342 118 61 47 31 23 17 11 11 4 3 2 1 1
antarctic_sic_t_00066_date_01_03_1984 2758 2281 519 464 327 90 75 9 8 7 3 2 2 1 1 1
antarctic_sic_t_00067_date_01_04_1984 6093 5509 18 8 1
antarctic_sic_t_00068_date_01_05_1984 17123 1
antarctic_sic_t_00069_date_01_06_1984 23177
antarctic_sic_t_00070_date_01_07_1984 28055
antarctic_sic_t_00071_date_01_08_1984 30576 1
antarctic_sic_t_00072_date_01_09_1984 31374
antarctic_sic_t_00073_date_01_10_1984 29769
antarctic_sic_t_00074_date_01_11_1984 27796
antarctic_sic_t_00075_date_01_12_1984 10318 7515 1485 38 12 8 6 2 1 1
antarctic_sic_t_00076_date_01_01_1985 3138 2476 903 466 197 153 101 97 50 38 35 26 17 16 12 9 9 8 7 6 4 2 2 1 1 1 1 1 1 1 1 1
antarctic_sic_t_00077_date_01_02_1985 2210 1425 452 281 92 79 46 25 18 18 16 15 12 6 6 5 5 3 3 2 2 2 1 1 1 1 1
antarctic_sic_t_00078_date_01_03_1985 3509 1893 627 373 63 48 36 29 5 4 2 1 1 1 1 1
antarctic_sic_t_00079_date_01_04_1985 7944 3711 15 8 4 2 2 1 1 1
antarctic_sic_t_00080_date_01_05_1985 17989 9 4 2
antarctic_sic_t_00081_date_01_06_1985 23253
antarctic_sic_t_00082_date_01_07_1985 26800
antarctic_sic_t_00083_date_01_08_1985 30193
antarctic_sic_t_00084_date_01_09_1985 31954
antarctic_sic_t_00085_date_01_10_1985 30905
antarctic_sic_t_00086_date_01_11_1985 27526 3 2 2 1 1 1 1 1
antarctic_sic_t_00087_date_01_12_1985 13124 7730 38 5 1 1 1 1
antarctic_sic_t_00088_date_01_01_1986 4230 3271 788 668 434 118 88 24 21 12 11 9 7 2 1 1 1 1 1 1 1
antarctic_sic_t_00089_date_01_02_1986 2503 1597 407 358 206 71 48 48 29 20 19 18 8 7 6 3 2 2 1 1 1 1
antarctic_sic_t_00090_date_01_03_1986 3958 1742 269 242 127 126 113 65 57 34 32 17 10 6 4 4 2 2 2 1 1 1 1
antarctic_sic_t_00091_date_01_04_1986 6290 3892 1215 6 4 1 1
antarctic_sic_t_00092_date_01_05_1986 16099 4 1
antarctic_sic_t_00093_date_01_06_1986 22173
antarctic_sic_t_00094_date_01_07_1986 26367
antarctic_sic_t_00095_date_01_08_1986 29653
antarctic_sic_t_00096_date_01_09_1986 30091 1
antarctic_sic_t_00097_date_01_10_1986 29533
antarctic_sic_t_00098_date_01_11_1986 26029
antarctic_sic_t_00099_date_01_12_1986 8020 7760 1311 11 1 1 1 1
antarctic_sic_t_00100_date_01_01_1987 3786 2873 914 381 356 168 92 79 62 57 19 12 5 4 2 1 1 1
antarctic_sic_t_00101_date_01_02_1987 2703 1624 544 138 111 57 55 42 42 31 28 27 21 12 11 10 6 4 4 4 3 2 2 1 1 1 1 1 1 1
antarctic_sic_t_00102_date_01_03_1987 4179 1973 729 217 105 54 46 12 7 5 5 3 1 1 1 1
antarctic_sic_t_00103_date_01_04_1987 6899 3711 1468 44 4 3 2 2 2 1
antarctic_sic_t_00104_date_01_05_1987 16927
antarctic_sic_t_00105_date_01_06_1987 22188
antarctic_sic_t_00106_date_01_07_1987 26999
antarctic_sic_t_00107_date_01_08_1987 30176
antarctic_sic_t_00108_date_01_09_1987 31488
antarctic_sic_t_00109_date_01_10_1987 30456 1
antarctic_sic_t_00110_date_01_11_1987 26644 15 8
antarctic_sic_t_00111_date_01_12_1987 13782 8413 14 2 2 2 1 1 1 1
antarctic_sic_t_00112_date_01_01_1988 3165 1656 526 304 223 197 80 65 54 53 28 24 19 16 16 10 5 3 2 2 2 1 1 1 1 1 1 1 1 1 1 1
antarctic_sic_t_00113_date_01_02_1988 1588 1346 815 431 202 134 96 53 38 36 19 19 13 13 13 11 8 8 7 6 6 5 4 3 2 2 2 2 2 1 1 1 1 1 1 1 1 1
antarctic_sic_t_00114_date_01_03_1988 5050 1851 130 56 56 49 6 5 3 2 2 1 1 1 1
antarctic_sic_t_00115_date_01_04_1988 11374 1 1
antarctic_sic_t_00116_date_01_05_1988 17184 3
antarctic_sic_t_00117_date_01_06_1988 22683
antarctic_sic_t_00118_date_01_07_1988 27330
antarctic_sic_t_00119_date_01_08_1988 30487
antarctic_sic_t_00120_date_01_09_1988 31480
antarctic_sic_t_00121_date_01_10_1988 31379
antarctic_sic_t_00122_date_01_11_1988 28071 1
antarctic_sic_t_00123_date_01_12_1988 13310 7432 12 2 2 2 1 1 1 1
antarctic_sic_t_00124_date_01_01_1989 3204 2958 683 608 319 210 192 104 103 20 13 9 8 7 6 6 5 3 1 1 1 1 1 1 1 1 1 1 1 1 1 1 1 1 1
antarctic_sic_t_00125_date_01_02_1989 1953 1876 446 201 137 123 112 92 76 56 25 23 13 11 11 5 5 4 2 2 1 1 1 1 1 1 1 1
antarctic_sic_t_00126_date_01_03_1989 2891 2095 1984 25 15 9 7 5 4 3 2 2 2 1 1 1 1 1 1 1 1
antarctic_sic_t_00127_date_01_04_1989 7678 3683 2 2 2
antarctic_sic_t_00128_date_01_05_1989 18547 2
antarctic_sic_t_00129_date_01_06_1989 23594 1
antarctic_sic_t_00130_date_01_07_1989 27016 3 1
antarctic_sic_t_00131_date_01_08_1989 29832
antarctic_sic_t_00132_date_01_09_1989 30761 4
antarctic_sic_t_00133_date_01_10_1989 30344 11 1
antarctic_sic_t_00134_date_01_11_1989 27033 3
antarctic_sic_t_00135_date_01_12_1989 10730 7217 372 100 21 12 9 7 2 1 1 1 1 1
antarctic_sic_t_00136_date_01_01_1990 3278 2904 1178 597 542 94 58 49 30 29 28 9 6 5 4 4 3 2 2 2 2 1 1 1 1 1 1 1 1 1 1 1 1 1
antarctic_sic_t_00137_date_01_02_1990 1969 1523 765 394 111 82 64 60 52 32 20 19 6 6 5 4 3 2 2 2 2 2 2 2 2 2 1 1 1 1 1 1 1 1 1 1 1 1
antarctic_sic_t_00138_date_01_03_1990 3162 2191 769 530 269 190 82 72 50 3 1 1 1 1 1 1
antarctic_sic_t_00139_date_01_04_1990 12424 4
antarctic_sic_t_00140_date_01_05_1990 17169 12
antarctic_sic_t_00141_date_01_06_1990 22873
antarctic_sic_t_00142_date_01_07_1990 26827 1
antarctic_sic_t_00143_date_01_08_1990 30099
antarctic_sic_t_00144_date_01_09_1990 30968
antarctic_sic_t_00145_date_01_10_1990 30484 1
antarctic_sic_t_00146_date_01_11_1990 26876
antarctic_sic_t_00147_date_01_12_1990 18206 10 3 2 2 2 1 1 1 1 1 1 1 1
antarctic_sic_t_00148_date_01_01_1991 3537 3233 906 810 550 206 73 64 10 9 9 9 8 4 3 2 1 1 1 1 1 1 1 1 1 1
antarctic_sic_t_00149_date_01_02_1991 2592 1475 583 249 100 91 85 67 56 33 20 19 17 12 12 10 9 9 5 4 4 3 3 3 2 2 2 2 1 1 1 1 1 1 1 1 1 1 1 1 1
antarctic_sic_t_00150_date_01_03_1991 3125 2585 743 303 192 138 107 93 78 31 27 14 11 7 7 3 2 2 2 2 1 1 1 1 1 1 1 1 1 1 1
antarctic_sic_t_00151_date_01_04_1991 12400 2
antarctic_sic_t_00152_date_01_05_1991 18385 1
antarctic_sic_t_00153_date_01_06_1991 22663 3
antarctic_sic_t_00154_date_01_07_1991 27195
antarctic_sic_t_00155_date_01_08_1991 30566
antarctic_sic_t_00156_date_01_09_1991 31251
antarctic_sic_t_00157_date_01_10_1991 30700 3 2 2 1
antarctic_sic_t_00158_date_01_11_1991 27050 20 2 1
antarctic_sic_t_00159_date_01_12_1991 11215 6582 1360 18 17 12 4 3 2 2 1 1 1
antarctic_sic_t_00160_date_01_01_1992 4453 1387 911 751 583 119 40 29 27 19 17 12 8 8 5 3 3 3 2 1 1 1 1 1
antarctic_sic_t_00161_date_01_02_1992 2243 753 547 334 228 209 205 196 131 17 17 16 11 10 9 8 6 5 4 4 3 2 2 2 2 2 2 2 2 2 1 1 1 1 1 1 1 1
antarctic_sic_t_00162_date_01_03_1992 3372 1213 800 674 303 236 91 79 71 12 12 9 9 9 7 7 2 2 2 1 1 1 1 1
antarctic_sic_t_00163_date_01_04_1992 6864 5411 100 6 6 3 1
antarctic_sic_t_00164_date_01_05_1992 17298 1
antarctic_sic_t_00165_date_01_06_1992 22456
antarctic_sic_t_00166_date_01_07_1992 27885
antarctic_sic_t_00167_date_01_08_1992 30666
antarctic_sic_t_00168_date_01_09_1992 31093
antarctic_sic_t_00169_date_01_10_1992 30778
antarctic_sic_t_00170_date_01_11_1992 27466 1
antarctic_sic_t_00171_date_01_12_1992 12133 7161 19 3 1 1 1 1 1
antarctic_sic_t_00172_date_01_01_1993 2936 2577 961 629 573 106 46 42 15 8 6 5 4 4 4 4 3 2 2 2 2 2 2 2 1 1 1 1 1 1 1 1
antarctic_sic_t_00173_date_01_02_1993 1695 721 546 339 196 172 110 96 90 87 49 44 34 31 29 25 25 23 18 16 7 3 3 2 2 2 2 1 1 1 1 1 1 1 1 1 1 1 1
antarctic_sic_t_00174_date_01_03_1993 3569 2199 502 438 198 81 39 21 17 7 5 3 2 2 1 1
antarctic_sic_t_00175_date_01_04_1993 11820 41 13 1
antarctic_sic_t_00176_date_01_05_1993 17564 4 1
antarctic_sic_t_00177_date_01_06_1993 22699
antarctic_sic_t_00178_date_01_07_1993 27525
antarctic_sic_t_00179_date_01_08_1993 29985
antarctic_sic_t_00180_date_01_09_1993 31431
antarctic_sic_t_00181_date_01_10_1993 30888
antarctic_sic_t_00182_date_01_11_1993 27693
antarctic_sic_t_00183_date_01_12_1993 10214 6969 1636 40 7 1 1 1 1
antarctic_sic_t_00184_date_01_01_1994 4017 3314 823 679 42 38 17 14 8 7 4 3 3 1 1 1 1 1 1 1
antarctic_sic_t_00185_date_01_02_1994 2197 1306 713 494 345 129 67 27 20 15 14 13 6 5 4 4 3 3 2 2 2 2 1 1
antarctic_sic_t_00186_date_01_03_1994 4126 3517 428 206 68 66 27 5 2 2 1 1 1
antarctic_sic_t_00187_date_01_04_1994 7404 5255 53 25 6 5 3 1
antarctic_sic_t_00188_date_01_05_1994 18214 1
antarctic_sic_t_00189_date_01_06_1994 23649
antarctic_sic_t_00190_date_01_07_1994 28214
antarctic_sic_t_00191_date_01_08_1994 30700
antarctic_sic_t_00192_date_01_09_1994 31909
antarctic_sic_t_00193_date_01_10_1994 30674
antarctic_sic_t_00194_date_01_11_1994 27809
antarctic_sic_t_00195_date_01_12_1994 18100 19 15 3 1 1 1 1
antarctic_sic_t_00196_date_01_01_1995 4184 4036 907 740 94 47 18 9 8 5 2 2 2 1 1 1 1 1 1
antarctic_sic_t_00197_date_01_02_1995 2685 1110 670 559 447 326 81 48 42 27 19 13 3 3 3 2 2 1 1 1 1 1 1
antarctic_sic_t_00198_date_01_03_1995 4566 2923 852 17 15 8 2 1
antarctic_sic_t_00199_date_01_04_1995 12844 25 10 1
antarctic_sic_t_00200_date_01_05_1995 18336 1
antarctic_sic_t_00201_date_01_06_1995 23079
antarctic_sic_t_00202_date_01_07_1995 27148
antarctic_sic_t_00203_date_01_08_1995 30599
antarctic_sic_t_00204_date_01_09_1995 31416
antarctic_sic_t_00205_date_01_10_1995 30912
antarctic_sic_t_00206_date_01_11_1995 26870
antarctic_sic_t_00207_date_01_12_1995 10194 7827 1467 34 14 4 2 1 1 1
antarctic_sic_t_00208_date_01_01_1996 4733 3738 892 838 125 90 55 44 28 17 11 11 9 7 3 3 2 2 1 1 1 1 1 1 1
antarctic_sic_t_00209_date_01_02_1996 1777 1689 810 310 132 82 73 67 51 37 35 23 18 10 9 7 5 5 3 3 3 3 2 2 1 1 1 1 1 1 1 1 1 1 1 1 1 1 1 1
antarctic_sic_t_00210_date_01_03_1996 3622 1961 919 724 173 84 68 67 55 51 28 19 5 5 3 3 2 1 1 1 1
antarctic_sic_t_00211_date_01_04_1996 13209 24 23 1
antarctic_sic_t_00212_date_01_05_1996 19081 1
antarctic_sic_t_00213_date_01_06_1996 23965 1
antarctic_sic_t_00214_date_01_07_1996 27772
antarctic_sic_t_00215_date_01_08_1996 30467
antarctic_sic_t_00216_date_01_09_1996 31750
antarctic_sic_t_00217_date_01_10_1996 30515
antarctic_sic_t_00218_date_01_11_1996 27509 1
antarctic_sic_t_00219_date_01_12_1996 10233 7962 13 6 5 3 2 1 1 1 1
antarctic_sic_t_00220_date_01_01_1997 2450 2436 1172 688 358 202 40 10 9 8 6 5 5 5 4 3 1 1 1 1 1 1 1 1 1 1 1 1 1 1
antarctic_sic_t_00221_date_01_02_1997 1836 646 404 392 288 221 97 91 54 39 36 21 21 19 17 13 10 9 7 4 3 3 2 2 2 2 2 2 2 2 2 1 1 1 1 1 1 1 1 1 1 1 1 1
antarctic_sic_t_00222_date_01_03_1997 2524 2288 1540 58 53 15 9 8 7 5 2 2 2 2 2 1
antarctic_sic_t_00223_date_01_04_1997 7867 3849 20 12 5 1
antarctic_sic_t_00224_date_01_05_1997 18014 3
antarctic_sic_t_00225_date_01_06_1997 22839
antarctic_sic_t_00226_date_01_07_1997 27445
antarctic_sic_t_00227_date_01_08_1997 30275
antarctic_sic_t_00228_date_01_09_1997 32240
antarctic_sic_t_00229_date_01_10_1997 30590 1
antarctic_sic_t_00230_date_01_11_1997 27432
antarctic_sic_t_00231_date_01_12_1997 12831 6700 34 18 6 4 3 2 1 1 1 1
antarctic_sic_t_00232_date_01_01_1998 3035 2637 910 786 76 64 53 40 37 15 12 12 11 11 11 10 9 8 4 4 4 3 3 3 3 2 2 2 2 2 1 1 1 1 1 1 1 1 1 1 1 1 1
antarctic_sic_t_00233_date_01_02_1998 2241 1468 515 381 140 74 68 38 31 30 29 21 20 20 20 15 8 8 7 7 6 5 4 3 2 2 2 1 1 1 1 1 1 1 1 1 1 1 1
antarctic_sic_t_00234_date_01_03_1998 4076 2547 1087 16 10 7 6 5 4 4 2 2 2 1 1 1 1 1
antarctic_sic_t_00235_date_01_04_1998 8667 3924 4 2 1
antarctic_sic_t_00236_date_01_05_1998 12125 6070 5 1 1
antarctic_sic_t_00237_date_01_06_1998 23404
antarctic_sic_t_00238_date_01_07_1998 27422
antarctic_sic_t_00239_date_01_08_1998 30537
antarctic_sic_t_00240_date_01_09_1998 32166
antarctic_sic_t_00241_date_01_10_1998 31716
antarctic_sic_t_00242_date_01_11_1998 27987 50 14
antarctic_sic_t_00243_date_01_12_1998 10637 8810 36 13 8 6 2 2 1 1 1
antarctic_sic_t_00244_date_01_01_1999 4657 2061 1099 460 77 48 47 19 19 7 6 5 5 4 4 2 2 2 2 2 1 1 1 1 1 1 1 1 1 1 1 1 1 1 1 1
antarctic_sic_t_00245_date_01_02_1999 2121 1410 561 512 212 132 61 30 13 8 6 5 4 4 3 2 2 2 2 2 2 2 2 2 2 1 1 1 1 1 1 1 1 1 1 1 1 1 1 1 1 1 1 1
antarctic_sic_t_00246_date_01_03_1999 4603 1581 1062 144 88 64 12 7 5 3 2 2 2 1 1 1 1 1 1 1 1
antarctic_sic_t_00247_date_01_04_1999 12099 4 1
antarctic_sic_t_00248_date_01_05_1999 18051 4 1
antarctic_sic_t_00249_date_01_06_1999 23667 1
antarctic_sic_t_00250_date_01_07_1999 28072 3 1
antarctic_sic_t_00251_date_01_08_1999 30676 1
antarctic_sic_t_00252_date_01_09_1999 31995
antarctic_sic_t_00253_date_01_10_1999 31537
antarctic_sic_t_00254_date_01_11_1999 27461 1 1
antarctic_sic_t_00255_date_01_12_1999 11200 8167 627 21 13 4 2 2 2 1 1 1 1 1
antarctic_sic_t_00256_date_01_01_2000 3884 2212 684 590 373 284 124 49 41 30 17 16 9 9 7 7 6 5 2 2 2 2 1 1 1 1 1 1 1
antarctic_sic_t_00257_date_01_02_2000 1820 1758 370 364 133 128 95 86 86 52 32 31 31 26 15 10 8 7 4 4 3 2 1 1 1 1 1 1 1 1 1
antarctic_sic_t_00258_date_01_03_2000 2778 2553 1056 548 309 46 37 22 12 10 9 3 2 2 2 2 1 1 1 1 1 1
antarctic_sic_t_00259_date_01_04_2000 12795 19 14 7 1
antarctic_sic_t_00260_date_01_05_2000 19338 31 1
antarctic_sic_t_00261_date_01_06_2000 23980 3
antarctic_sic_t_00262_date_01_07_2000 28098 2 2
antarctic_sic_t_00263_date_01_08_2000 31293 1
antarctic_sic_t_00264_date_01_09_2000 32217
antarctic_sic_t_00265_date_01_10_2000 31117
antarctic_sic_t_00266_date_01_11_2000 27278 1
antarctic_sic_t_00267_date_01_12_2000 11081 7407 12 11 2 2 1 1 1 1 1
antarctic_sic_t_00268_date_01_01_2001 4046 2875 1084 859 111 60 17 9 3 2 2 1 1 1 1 1
antarctic_sic_t_00269_date_01_02_2001 3140 2121 399 214 192 127 70 34 24 14 11 11 9 7 5 3 2 2 1 1 1 1 1 1 1 1 1
antarctic_sic_t_00270_date_01_03_2001 4316 3080 810 68 66 16 11 10 10 9 4 3 2 2 2 2 1 1
antarctic_sic_t_00271_date_01_04_2001 7589 4889 5 2
antarctic_sic_t_00272_date_01_05_2001 18217 3 2
antarctic_sic_t_00273_date_01_06_2001 23204 6
antarctic_sic_t_00274_date_01_07_2001 27104
antarctic_sic_t_00275_date_01_08_2001 30331 1
antarctic_sic_t_00276_date_01_09_2001 30953
antarctic_sic_t_00277_date_01_10_2001 30465 1
antarctic_sic_t_00278_date_01_11_2001 26684 7 1
antarctic_sic_t_00279_date_01_12_2001 10673 8198 8 2 2 1 1 1
antarctic_sic_t_00280_date_01_01_2002 3435 2535 818 473 465 124 66 63 52 44 34 33 25 25 20 19 18 8 3 3 3 3 3 2 2 2 2 2 1 1 1 1 1 1 1 1 1 1
antarctic_sic_t_00281_date_01_02_2002 1998 1703 238 217 162 112 107 62 61 51 47 36 33 31 26 24 18 11 9 8 7 4 4 4 3 3 2 2 2 1 1 1 1 1 1 1 1 1 1 1
antarctic_sic_t_00282_date_01_03_2002 2905 2331 588 397 173 64 57 33 27 18 15 11 10 8 8 6 5 4 3 3 2 1 1 1
antarctic_sic_t_00283_date_01_04_2002 6256 5340 24 15 2 1
antarctic_sic_t_00284_date_01_05_2002 16570 1
antarctic_sic_t_00285_date_01_06_2002 21645
antarctic_sic_t_00286_date_01_07_2002 26673
antarctic_sic_t_00287_date_01_08_2002 29281 3
antarctic_sic_t_00288_date_01_09_2002 30644
antarctic_sic_t_00289_date_01_10_2002 30597
antarctic_sic_t_00290_date_01_11_2002 26906 19 4
antarctic_sic_t_00291_date_01_12_2002 12992 6697 11 3 1 1 1 1
antarctic_sic_t_00292_date_01_01_2003 5020 3466 598 552 529 122 107 70 45 44 19 7 6 6 3 3 3 2 2 2 1 1 1 1 1 1
antarctic_sic_t_00293_date_01_02_2003 3036 2314 373 191 146 143 55 40 31 30 28 27 21 16 12 11 10 9 7 4 3 3 3 2 2 2 2 2 2 2 1 1 1 1 1 1 1 1 1
antarctic_sic_t_00294_date_01_03_2003 3346 3297 602 174 107 87 84 77 75 63 48 46 14 11 7 7 7 5 5 4 4 3 3 2 2 2 2 1 1 1 1 1
antarctic_sic_t_00295_date_01_04_2003 7297 5522 71 9 8 8 4 3 2 2 2 2 1 1 1
antarctic_sic_t_00296_date_01_05_2003 19086
antarctic_sic_t_00297_date_01_06_2003 24226 1
antarctic_sic_t_00298_date_01_07_2003 28246 2 1 1
antarctic_sic_t_00299_date_01_08_2003 30446 1
antarctic_sic_t_00300_date_01_09_2003 31274 3
antarctic_sic_t_00301_date_01_10_2003 30964
antarctic_sic_t_00302_date_01_11_2003 27860 6
antarctic_sic_t_00303_date_01_12_2003 12401 7097 15 9 5 4 2 1 1 1 1 1 1 1
antarctic_sic_t_00304_date_01_01_2004 3988 2922 976 764 749 132 128 102 51 14 11 9 6 4 4 3 3 2 1 1 1 1 1 1 1 1 1
antarctic_sic_t_00305_date_01_02_2004 2772 2057 536 174 125 75 72 62 61 55 38 27 25 24 17 12 11 9 8 7 7 7 7 5 4 4 4 3 3 2 2 1 1 1 1 1 1 1 1 1 1 1 1
antarctic_sic_t_00306_date_01_03_2004 3691 3463 353 273 69 54 48 32 15 5 5 4 4 3 3 3 2 2 1 1 1 1
antarctic_sic_t_00307_date_01_04_2004 12891 3
antarctic_sic_t_00308_date_01_05_2004 18231 5
antarctic_sic_t_00309_date_01_06_2004 23973 3
antarctic_sic_t_00310_date_01_07_2004 28066 1
antarctic_sic_t_00311_date_01_08_2004 30614
antarctic_sic_t_00312_date_01_09_2004 32206
antarctic_sic_t_00313_date_01_10_2004 31268
antarctic_sic_t_00314_date_01_11_2004 27921
antarctic_sic_t_00315_date_01_12_2004 12292 7300 54 4 2 2 2 1 1 1 1
antarctic_sic_t_00316_date_01_01_2005 3164 3101 1397 947 64 51 25 14 11 8 2 1 1 1 1 1 1 1 1 1
antarctic_sic_t_00317_date_01_02_2005 1871 1424 695 519 164 106 62 50 37 34 22 9 9 8 5 4 2 2 2 2 1 1 1 1 1 1 1 1 1 1 1 1
antarctic_sic_t_00318_date_01_03_2005 3467 2085 864 590 385 56 29 10 7 3 2 2 2 1 1 1 1 1 1
antarctic_sic_t_00319_date_01_04_2005 9267 3138 1
antarctic_sic_t_00320_date_01_05_2005 18201 1
antarctic_sic_t_00321_date_01_06_2005 23326
antarctic_sic_t_00322_date_01_07_2005 27946
antarctic_sic_t_00323_date_01_08_2005 30718
antarctic_sic_t_00324_date_01_09_2005 32319
antarctic_sic_t_00325_date_01_10_2005 31656
antarctic_sic_t_00326_date_01_11_2005 28361
antarctic_sic_t_00327_date_01_12_2005 12183 6408 19 7 2 2 2 1 1 1 1 1
antarctic_sic_t_00328_date_01_01_2006 2448 2176 950 726 400 300 292 45 34 18 15 9 8 7 5 5 4 2 1 1 1 1 1 1
antarctic_sic_t_00329_date_01_02_2006 1848 1414 455 426 76 69 56 45 27 12 7 5 5 5 4 4 2 2 2 2 1 1 1 1 1 1 1 1 1
antarctic_sic_t_00330_date_01_03_2006 2547 1767 518 420 323 120 65 48 11 10 6 5 2 2 2 1 1 1 1 1 1 1 1 1
antarctic_sic_t_00331_date_01_04_2006 10900 11 1
antarctic_sic_t_00332_date_01_05_2006 16970 5 4
antarctic_sic_t_00333_date_01_06_2006 23346 3
antarctic_sic_t_00334_date_01_07_2006 27890
antarctic_sic_t_00335_date_01_08_2006 30954 1
antarctic_sic_t_00336_date_01_09_2006 32625
antarctic_sic_t_00337_date_01_10_2006 32080
antarctic_sic_t_00338_date_01_11_2006 28250 2
antarctic_sic_t_00339_date_01_12_2006 10775 6817 194 192 19 11 4 3 2 2 1 1 1 1 1 1 1
antarctic_sic_t_00340_date_01_01_2007 2998 2790 1347 1016 86 79 51 25 18 13 8 6 5 4 4 2 1 1 1 1 1 1 1 1 1
antarctic_sic_t_00341_date_01_02_2007 1898 868 707 622 469 88 57 55 39 22 20 17 10 6 6 5 4 4 3 3 3 2 2 1 1 1 1 1 1 1 1 1 1 1 1 1
antarctic_sic_t_00342_date_01_03_2007 3348 2357 832 122 121 50 15 10 4 3 3 2 1 1
antarctic_sic_t_00343_date_01_04_2007 11616 4 2 1
antarctic_sic_t_00344_date_01_05_2007 17130 27 5
antarctic_sic_t_00345_date_01_06_2007 23053
antarctic_sic_t_00346_date_01_07_2007 27686
antarctic_sic_t_00347_date_01_08_2007 30232
antarctic_sic_t_00348_date_01_09_2007 32383
antarctic_sic_t_00349_date_01_10_2007 31335
antarctic_sic_t_00350_date_01_11_2007 27331 10 9 1 1
antarctic_sic_t_00351_date_01_12_2007 12853 8406 12 7 5 2 2 1 1 1 1
antarctic_sic_t_00352_date_01_01_2008 5107 4938 1705 58 30 10 6 5 2 2 1 1 1 1 1 1 1 1
antarctic_sic_t_00353_date_01_02_2008 2585 2494 1225 119 102 55 29 18 10 4 4 4 2 2 2 2 1 1 1 1 1 1 1 1 1
antarctic_sic_t_00354_date_01_03_2008 4284 3750 1476 17 11 10 2 2 1 1
antarctic_sic_t_00355_date_01_04_2008 14375 2
antarctic_sic_t_00356_date_01_05_2008 19088 3
antarctic_sic_t_00357_date_01_06_2008 24175 5
antarctic_sic_t_00358_date_01_07_2008 27712
antarctic_sic_t_00359_date_01_08_2008 30025
antarctic_sic_t_00360_date_01_09_2008 31100
antarctic_sic_t_00361_date_01_10_2008 30351
antarctic_sic_t_00362_date_01_11_2008 27905 21 1
antarctic_sic_t_00363_date_01_12_2008 13102 7709 30 15 10 4 4 1 1 1
antarctic_sic_t_00364_date_01_01_2009 4638 4033 677 556 124 101 50 42 30 27 22 13 11 6 5 5 4 3 2 2 2 1 1 1 1 1 1 1 1
antarctic_sic_t_00365_date_01_02_2009 2247 713 549 406 361 175 150 110 76 55 53 40 22 17 14 11 10 10 10 9 8 4 3 3 2 2 2 2 1 1 1 1 1 1 1 1 1 1 1 1 1
antarctic_sic_t_00366_date_01_03_2009 4290 2938 493 364 49 48 19 18 11 5 4 4 1 1 1 1 1 1 1 1
antarctic_sic_t_00367_date_01_04_2009 13773 5 3
antarctic_sic_t_00368_date_01_05_2009 18950 8 1
antarctic_sic_t_00369_date_01_06_2009 23916 31
antarctic_sic_t_00370_date_01_07_2009 27845
antarctic_sic_t_00371_date_01_08_2009 31304
antarctic_sic_t_00372_date_01_09_2009 32239 4
antarctic_sic_t_00373_date_01_10_2009 31184
antarctic_sic_t_00374_date_01_11_2009 27396
antarctic_sic_t_00375_date_01_12_2009 12351 7033 13 6 2 1 1 1 1 1
antarctic_sic_t_00376_date_01_01_2010 3602 1928 1019 983 498 133 100 86 72 65 22 8 6 5 3 3 3 3 2 2 2 1 1 1 1 1 1 1 1 1
antarctic_sic_t_00377_date_01_02_2010 2559 1235 552 454 274 138 41 37 29 25 22 11 10 3 3 3 2 2 2 2 2 2 1 1 1 1 1 1 1 1 1 1 1 1 1 1 1
antarctic_sic_t_00378_date_01_03_2010 3050 1930 711 602 140 133 69 64 14 12 8 5 4 4 4 4 3 2 2 2 1 1 1
antarctic_sic_t_00379_date_01_04_2010 7164 4894 101 2
antarctic_sic_t_00380_date_01_05_2010 19127 5
antarctic_sic_t_00381_date_01_06_2010 24983
antarctic_sic_t_00382_date_01_07_2010 28716 4
antarctic_sic_t_00383_date_01_08_2010 31609
antarctic_sic_t_00384_date_01_09_2010 32425
antarctic_sic_t_00385_date_01_10_2010 31571 11 10 1
antarctic_sic_t_00386_date_01_11_2010 28343 63 11 9 2 1 1 1
antarctic_sic_t_00387_date_01_12_2010 11522 9310 114 9 6 6 3 3 2 1 1 1 1
antarctic_sic_t_00388_date_01_01_2011 2254 1526 1513 987 890 663 297 25 25 23 18 13 13 11 10 9 9 9 8 7 4 3 2 2 2 2 1 1 1 1 1 1
antarctic_sic_t_00389_date_01_02_2011 1810 756 739 563 62 43 39 26 21 15 13 11 10 10 8 8 5 5 4 4 4 4 4 4 4 3 3 2 2 2 2 1 1 1 1 1 1 1 1
antarctic_sic_t_00390_date_01_03_2011 2184 1575 1219 695 144 67 67 64 48 2 2 1 1 1
antarctic_sic_t_00391_date_01_04_2011 11235 3 2
antarctic_sic_t_00392_date_01_05_2011 17971 4 2
antarctic_sic_t_00393_date_01_06_2011 22871 28
antarctic_sic_t_00394_date_01_07_2011 27255 7 1
antarctic_sic_t_00395_date_01_08_2011 30446
antarctic_sic_t_00396_date_01_09_2011 31785
antarctic_sic_t_00397_date_01_10_2011 31160
antarctic_sic_t_00398_date_01_11_2011 27262 1
antarctic_sic_t_00399_date_01_12_2011 12050 8768 10 7 5 1 1
antarctic_sic_t_00400_date_01_01_2012 5495 3416 502 170 153 113 73 28 21 18 18 14 10 9 8 4 3 2 1 1 1 1
antarctic_sic_t_00401_date_01_02_2012 2647 1456 776 408 298 178 82 69 46 27 24 23 13 10 8 4 3 3 2 1 1 1 1 1 1
antarctic_sic_t_00402_date_01_03_2012 4253 3169 915 14 6 2 1
antarctic_sic_t_00403_date_01_04_2012 13224 8 5
antarctic_sic_t_00404_date_01_05_2012 18182 9
antarctic_sic_t_00405_date_01_06_2012 23634 1
antarctic_sic_t_00406_date_01_07_2012 27950 3
antarctic_sic_t_00407_date_01_08_2012 30828
antarctic_sic_t_00408_date_01_09_2012 32640
antarctic_sic_t_00409_date_01_10_2012 31802
antarctic_sic_t_00410_date_01_11_2012 28010
antarctic_sic_t_00411_date_01_12_2012 19313 18 12 10 6 1 1 1
