0 56.84231 7.915148 9.91804 53.24596 48.97025 116.4405 19.26158 87.65497 93.00239 92.11981 88.36221 88.70473 94.10334 94.45542 119.2025 122.0442 92.34999 121.4802 113.1083 115.3299 162.4402 146.0667 170.7949 168.1646 135.4624 138.3788 139.9001 173.1901 178.8437 156.7041 182.8266 164.5183 186.4896 184.177 205.8718
56.84231 0 63.1282 64.10596 102.5739 8.208577 65.98602 68.73707 141.568 145.2993 141.9457 136.4936 135.7369 139.8657 136.829 72.64655 75.77734 132.337 154.7597 144.1172 144.6692 122.6811 157.3474 135.8754 135.3188 143.0101 138.7609 134.7054 142.4708 149.7655 150.9226 158.0557 159.1712 160.8041 170.7184 193.7648
7.915148 63.1282 0 2.236068 45.34209 55.08176 120.6122 12.08305 80.08121 85.23497 84.21995 80.44874 80.80704 86.23369 86.74471 122.6413 125.3994 84.81156 114.3333 106.2237 108.5933 164.3072 141.0604 171.8161 168.8846 131.0153 134.8033 137.0328 173.5441 178.906 153.7254 182.2231 161.4094 185.9926 181.9801 203.3512
9.91804 64.10596 2.236068 0 43.3521 56.00893 120.7741 9.848858 78.58753 83.57033 82.36504 78.49204 78.80003 84.18581 84.59937 122.5693 125.2996 82.61961 112.1015 103.9878 106.3602 163.75 138.9928 171.0249 168.0149 129.0349 132.9741 135.3403 172.5782 177.8645 152.0056 181.0173 159.6621 184.8114 180.4138 201.7132
53.24596 102.5739 45.34209 43.3521 0 94.40386 148.6239 35.21202 41.10378 43.02815 39.61143 35.17492 35.47207 41.03194 42.91003 147.1067 149.3315 42.75491 74.71561 69.12584 72.60632 179.0742 116.2275 181.7839 177.3254 110.5631 119.8383 126.391 179.7938 183.3337 141.4348 182.7714 147.9418 187.0139 173.2297 191.9635
48.97025 8.208577 55.08176 56.00893 94.40386 0 71.28408 60.53098 133.3604 137.1022 133.8096 128.4134 127.7019 131.8986 129.0401 76.89098 79.98125 124.6796 147.6951 137.1926 137.8931 125.7627 152.5384 138.0509 137.0839 138.5388 135.1722 131.8484 143.8827 150.9235 148.3018 158.5 156.5535 161.4257 169.3894 192.3586
116.4405 65.98602 120.6122 120.7741 148.6239 71.28408 0 121.5304 189.7273 190.663 184.1391 177.0736 175.086 177.2738 170.7529 12.87093 15.12544 164.2905 176.1834 164.5916 163.2378 62.78554 153.6292 80.07574 82.00917 137.6574 125.9585 116.1384 90.81063 99.17941 128.3292 111.5398 135.6918 112.927 135.956 158.0656
19.26158 68.73707 12.08305 9.848858 35.21202 60.53098 121.5304 0 72.83543 76.92204 74.73286 70.3278 70.35939 75.50662 75.36749 122.2902 124.8879 73.10951 102.3153 94.14425 96.51166 161.2038 129.7784 167.4261 164.0732 120.204 124.8083 127.7811 168.2009 173.1434 144.3046 175.5627 151.8321 179.461 173.3636 194.3313
87.65497 141.568 80.08121 78.58753 41.10378 133.3604 189.7273 72.83543 0 10.19804 20.39608 26.40076 30.26733 35.25975 45.48785 188.0759 190.2525 51.47815 79.43203 79.85908 84.43044 218.2193 135.9065 219.4921 214.581 134.618 147.3191 156.2722 216.208 218.9602 169.509 216.6916 174.9171 221.0684 202.3352 218.7822
93.00239 145.2993 85.23497 83.57033 43.02815 137.1022 190.663 76.92204 10.19804 0 11.6619 19.10497 22.92257 26.8561 37.56823 188.3274 190.3786 44.20407 70.38018 71.6343 76.26598 216.3166 128.3224 216.6859 211.549 127.914 141.2959 150.8145 212.761 215.1546 163.4794 212.2198 168.5823 216.6316 196.4129 212.218
92.11981 141.9457 84.21995 82.36504 39.61143 133.8096 184.1391 74.73286 20.39608 11.6619 0 8.062258 11.60938 15.20691 25.91172 181.1644 183.0956 32.64966 59.07508 60.00116 64.62585 207.2903 116.6632 207.0083 201.7251 116.3873 129.9681 139.7033 202.6669 204.8389 152.1345 201.5323 157.1369 205.9593 185.0895 200.6982
88.36221 136.4936 80.44874 78.49204 35.17492 128.4134 177.0736 70.3278 26.40076 19.10497 8.062258 0 3.887301 9.5 19.09924 173.8454 175.7299 25.23886 53.65903 53.48027 58.03878 199.3822 109.6095 198.9848 193.6853 108.8531 122.1962 131.7953 194.6079 196.7773 144.3777 193.5026 149.4824 197.9274 177.3153 193.1459
88.70473 135.7369 80.80704 78.80003 35.47207 127.7019 175.086 70.35939 30.26733 22.92257 11.60938 3.887301 0 6.482883 15.27222 171.6249 173.4631 21.35676 50.06563 49.64681 54.19358 196.4531 105.7225 195.8144 190.462 105.0021 118.4178 128.0981 191.284 193.3708 140.5934 189.9588 145.6621 194.3889 173.5392 189.3011
94.10334 139.8657 86.23369 84.18581 41.03194 131.8986 177.2738 75.50662 35.25975 26.8561 15.20691 9.5 6.482883 0 10.8825 173.3757 175.1207 18.11767 44.31201 44.79645 49.41913 196.6065 101.519 195.3128 189.8085 101.6083 115.5923 125.7269 190.3176 192.1283 137.7026 188.214 142.5035 192.6616 170.6757 185.8975
94.45542 136.829 86.74471 84.59937 42.91003 129.0401 170.7529 75.36749 45.48785 37.56823 25.91172 19.09924 15.27222 10.8825 0 166.2547 167.8724 7.60886 35.2661 34.38116 38.94281 187.6118 90.75475 185.7336 180.1117 90.72779 104.7906 115.0618 180.3855 182.0069 126.88 177.8001 131.6374 182.2551 159.853 175.0151
119.2025 72.64655 122.6413 122.5693 147.1067 76.89098 12.87093 122.2902 188.0759 188.3274 181.1644 173.8454 171.6249 173.3757 166.2547 0 3.14466 159.5177 169.3182 157.7414 156.0899 51.78937 143.3551 68.14581 69.6866 127.4018 114.9702 104.6529 78.35106 86.65938 116.3062 98.78667 123.5336 100.2537 123.1607 145.2183
122.0442 75.77734 125.3994 125.2996 149.3315 79.98125 15.12544 124.8879 190.2525 190.3786 183.0956 175.7299 173.4631 175.1207 167.8724 3.14466 0 161.0776 170.3408 158.777 157.043 48.74474 143.2495 65.30668 67 127.3185 114.5693 104.0048 75.74005 84.08737 115.3157 96.42225 122.4418 97.8021 121.4034 143.326
92.34999 132.337 84.81156 82.61961 42.75491 124.6796 164.2905 73.10951 51.47815 44.20407 32.64966 25.23886 21.35676 18.11767 7.60886 159.5177 161.0776 0 32.38101 29.25415 33.59315 180.1684 84.42859 178.1635 172.5254 83.73769 97.50344 107.6151 172.7789 174.4 119.632 170.2359 124.5231 174.689 152.6028 168.0486
121.4802 154.7597 114.3333 112.1015 74.71561 147.6951 176.1834 102.3153 79.43203 70.38018 59.07508 53.65903 50.06563 44.31201 35.2661 169.3182 170.3408 32.38101 0 11.59275 13.79681 180.8435 62.50731 175.3102 168.9797 67.39592 84.06979 96.49424 167.4894 167.5299 104.7812 160.6423 107.8833 165.0953 137.0099 149.1129
113.1083 144.1172 106.2237 103.9878 69.12584 137.1926 164.5916 94.14425 79.85908 71.6343 60.00116 53.48027 49.64681 44.79645 34.38116 157.7414 158.777 29.25415 11.59275 0 4.669642 169.9595 57.26903 164.9342 158.7067 59.73669 75.64914 87.52793 157.5353 157.9005 97.00886 151.6253 100.7611 156.0926 129.6729 143.0796
115.3299 144.6692 108.5933 106.3602 72.60632 137.8931 163.2378 96.51166 84.43044 76.26598 64.62585 58.03878 54.19358 49.41913 38.94281 156.0899 157.043 33.59315 13.79681 4.669642 0 167.048 52.60837 161.6216 155.3271 55.33986 71.45362 83.51347 153.972 154.1779 92.67126 147.6558 96.30421 152.1192 125.2647 138.4988
162.4402 122.6811 164.3072 163.75 179.0742 125.7627 62.78554 161.2038 218.2193 216.3166 207.2903 199.3822 196.4531 196.6065 187.6118 51.78937 48.74474 180.1684 180.8435 169.9595 167.048 0 137.8051 19.83807 24.91285 123.3509 106.8188 93.53849 33.99714 42.22474 98.09466 57.36898 102.9293 57.0824 90.97756 109.5091
146.0667 157.3474 141.0604 138.9928 116.2275 152.5384 153.6292 129.7784 135.9065 128.3224 116.6632 109.6095 105.7225 101.519 90.75475 143.3551 143.2495 84.42859 62.50731 57.26903 52.60837 137.8051 0 127.238 120.2915 15.97212 30.9864 44.39032 116.4308 114.374 45.95569 104.5123 47.04144 108.7843 76.04797 86.64606
170.7949 135.8754 171.8161 171.0249 181.7839 138.0509 80.07574 167.4261 219.4921 216.6859 207.0083 198.9848 195.8144 195.3128 185.7336 68.14581 65.30668 178.1635 175.3102 164.9342 161.6216 19.83807 127.238 0 7.074865 113.8446 96.58802 82.9932 14.72691 22.56604 84.62864 38.00459 88.40331 37.39451 73.16424 90.5267
168.1646 135.3188 168.8846 168.0149 177.3254 137.0839 82.00917 164.0732 214.581 211.549 201.7251 193.6853 190.462 189.8085 180.1117 69.6866 67 172.5254 168.9797 158.7067 155.3271 24.91285 120.2915 7.074865 0 107.0187 89.70797 76.10519 9.285592 17.77268 77.55522 32.5 81.34494 32.5 66.63462 84.62891
135.4624 143.0101 131.0153 129.0349 110.5631 138.5388 137.6574 120.204 134.618 127.914 116.3873 108.8531 105.0021 101.6083 90.72779 127.4018 127.3185 83.73769 67.39592 59.73669 55.33986 123.3509 15.97212 113.8446 107.0187 0 17.56474 31.06445 103.8808 102.6161 37.39803 94.16077 41.10961 98.56089 69.93623 84.31101
138.3788 138.7609 134.8033 132.9741 119.8383 135.1722 125.9585 124.8083 147.3191 141.2959 129.9681 122.1962 118.4178 115.5923 104.7906 114.9702 114.5693 97.50344 84.06979 75.64914 71.45362 106.8188 30.9864 96.58802 89.70797 17.56474 0 13.60588 86.37211 85.05219 22.19488 76.81517 28.10907 81.23897 55.12182 72.19692
139.9001 134.7054 137.0328 135.3403 126.391 131.8484 116.1384 127.7811 156.2722 150.8145 139.7033 131.7953 128.0981 125.7269 115.0618 104.6529 104.0048 107.6151 96.49424 87.52793 83.51347 93.53849 44.39032 82.9932 76.10519 31.06445 13.60588 0 72.81636 71.69896 16.90007 64.15801 25 68.61669 46.83946 66.624
173.1901 142.4708 173.5441 172.5782 179.7938 143.8827 90.81063 168.2009 216.208 212.761 202.6669 194.6079 191.284 190.3176 180.3855 78.35106 75.74005 172.7789 167.4894 157.5353 153.972 33.99714 116.4308 14.72691 9.285592 103.8808 86.37211 72.81636 0 8.515548 72.39913 23.391 75.45786 23.21936 58.63072 75.8153
178.8437 149.7655 178.906 177.8645 183.3337 150.9235 99.17941 173.1434 218.9602 215.1546 204.8389 196.7773 193.3708 192.1283 182.0069 86.65938 84.08737 174.4 167.5299 157.9005 154.1779 42.22474 114.374 22.56604 17.77268 102.6161 85.05219 71.69896 8.515548 0 69.33935 15.63998 71.55618 14.85781 52.30668 68.25706
156.7041 150.9226 153.7254 152.0056 141.4348 148.3018 128.3292 144.3046 169.509 163.4794 152.1345 144.3777 140.5934 137.7026 126.88 116.3062 115.3157 119.632 104.7812 97.00886 92.67126 98.09466 45.95569 84.62864 77.55522 37.39803 22.19488 16.90007 72.39913 69.33935 0 58.63755 8.25303 62.86941 32.97327 50.61672
182.8266 158.0557 182.2231 181.0173 182.7714 158.5 111.5398 175.5627 216.6916 212.2198 201.5323 193.5026 189.9588 188.214 177.8001 98.78667 96.42225 170.2359 160.6423 151.6253 147.6558 57.36898 104.5123 38.00459 32.5 94.16077 76.81517 64.15801 23.391 15.63998 58.63755 0 59.5084 4.472136 37.39897 52.62192
164.5183 159.1712 161.4094 159.6621 147.9418 156.5535 135.6918 151.8321 174.9171 168.5823 157.1369 149.4824 145.6621 142.5035 131.6374 123.5336 122.4418 124.5231 107.8833 100.7611 96.30421 102.9293 47.04144 88.40331 81.34494 41.10961 28.10907 25 75.45786 71.55618 8.25303 59.5084 0 63.50787 29.17481 44.11475
186.4896 160.8041 185.9926 184.8114 187.0139 161.4257 112.927 179.461 221.0684 216.6316 205.9593 197.9274 194.3889 192.6616 182.2551 100.2537 97.8021 174.689 165.0953 156.0926 152.1192 57.0824 108.7843 37.39451 32.5 98.56089 81.23897 68.61669 23.21936 14.85781 62.86941 4.472136 63.50787 0 40.37415 54.07301
184.177 170.7184 181.9801 180.4138 173.2297 169.3894 135.956 173.3636 202.3352 196.4129 185.0895 177.3153 173.5392 170.6757 159.853 123.1607 121.4034 152.6028 137.0099 129.6729 125.2647 90.97756 76.04797 73.16424 66.63462 69.93623 55.12182 46.83946 58.63072 52.30668 32.97327 37.39897 29.17481 40.37415 0 23.07832
205.8718 193.7648 203.3512 201.7132 191.9635 192.3586 158.0656 194.3313 218.7822 212.218 200.6982 193.1459 189.3011 185.8975 175.0151 145.2183 143.326 168.0486 149.1129 143.0796 138.4988 109.5091 86.64606 90.5267 84.62891 84.31101 72.19692 66.624 75.8153 68.25706 50.61672 52.62192 44.11475 54.07301 23.07832 0
