82.97852 149.383
130.7876 256.4823
231.2807 114.8595
163.3155 267.8689
174 262.5833
197.2348 269.6667
197.2 94.2
241.008 243.2028
82.97852 149.383
130.7876 256.4823
231.2807 114.8595
163.3155 267.8689
174 262.5833
197.2348 269.6667
197.2 94.2
241.008 243.2028
82.97852 149.383
130.7876 256.4823
231.2807 114.8595
163.3155 267.8689
174 262.5833
197.2348 269.6667
197.2 94.2
241.008 243.2028
82.97852 149.383
130.7876 256.4823
231.2807 114.8595
163.3155 267.8689
174 262.5833
197.2348 269.6667
197.2 94.2
241.008 243.2028
82.97852 149.383
130.7876 256.4823
231.2807 114.8595
163.3155 267.8689
174 262.5833
197.2348 269.6667
197.2 94.2
241.008 243.2028
82.97852 149.383
130.7876 256.4823
231.2807 114.8595
163.3155 267.8689
174 262.5833
197.2348 269.6667
197.2 94.2
241.008 243.2028
