0 57.82913 10.92016 76.81608 63.24753 92.34717 77.24785 117.5035 72.65325 54.40223 64.21045 58.00319 79.81512 158.9319 115.8677 199.1231 137.8472 165.2188 185.2768 187.7741 187.8221 198.1306 215.0534 229.2585 231.8052 229.6127 228.8433
57.82913 0 47.15762 20.84983 8.737324 38.1418 26.80942 73.4877 29.55186 84.08998 42.9817 45.82494 51.31842 116.5126 148.4566 174.2971 169.6758 124.8448 207.3196 158.7928 184.3537 195.0625 226.7966 229.0466 214.7089 214.3612 216.0093
10.92016 47.15762 0 65.9215 52.36888 81.43249 66.37325 107.245 61.99967 54.72805 55.00051 49.52898 70.44912 149.0315 118.6405 191.6619 140.6694 155.5651 186.2253 179.6621 183.7651 194.2142 214.037 226.0307 225.6845 223.7817 223.4075
76.81608 20.84983 65.9215 0 13.61399 17.39938 11.40623 55.31242 20.36639 93.81403 42.30077 48.57151 43.92094 97.7277 155.424 160.103 175.7614 106.5386 208.9628 143.5087 177.3028 187.9212 224.3405 222.312 202.4431 202.71 205.1421
63.24753 8.737324 52.36888 13.61399 0 30.26962 18.0885 64.75401 21.34484 83.7902 37.62388 41.87147 44.07894 107.7903 147.0623 166.0049 167.9276 116.1077 203.7852 150.3149 177.8036 188.4981 221.7723 222.6351 206.8271 206.6186 208.4548
92.34717 38.1418 81.43249 17.39938 30.26962 0 15.79605 40.33466 24.3236 102.3816 46.76731 54.73911 42.21911 81.54881 160.6839 147.4457 180.076 90.71521 209.3076 130.0336 170.6081 181.0571 221.1517 215.5519 191.1644 191.9427 195.0176
77.24785 26.80942 66.37325 11.40623 18.0885 15.79605 0 46.6897 10.06205 87.33677 33.07783 40.33874 32.76737 89.70382 147.1556 149.5369 167.069 98.06729 198.7977 133.3042 165.9061 176.521 213.3302 210.9178 191.4376 191.5984 193.9222
117.5035 73.4877 107.245 55.31242 64.75401 40.33466 46.6897 0 46.41276 108.351 55.68585 64.01827 41.12666 43.11022 154.6403 107.8238 171.0092 51.39276 190.4505 89.94073 138.8422 148.803 194.875 182.9835 152.5975 153.9239 157.7424
72.65325 29.55186 61.99967 20.36639 21.34484 24.3236 10.06205 46.41276 0 78.06025 23.06143 30.57813 23.82529 89.35152 137.2012 144.7505 157.0423 97.03403 188.8729 129.3016 157.7204 168.3797 203.9958 202.6795 185.5018 185.3439 187.2869
54.40223 84.08998 54.72805 93.81403 83.7902 102.3816 87.33677 108.351 78.06025 0 56.51656 47.96742 67.91582 141.6327 65.38818 161.4491 87.21143 144.8994 131.5045 154.2336 137.667 147.5361 160.7351 177.102 187.3881 184.1601 182.0575
64.21045 42.9817 55.00051 42.30077 37.62388 46.76731 33.07783 55.68585 23.06143 56.51656 0 8.743926 15.64659 95.24642 114.1592 138.5191 133.9912 101.1346 166.8599 125.3815 141.7759 152.4884 184.1629 186.2972 175.7216 174.7057 175.5904
58.00319 45.82494 49.52898 48.57151 41.87147 54.73911 40.33874 64.01827 30.57813 47.96742 8.743926 0 23.21633 102.7305 106.9593 142.4023 127.1903 108.2147 161.9227 130.1338 141.3476 152.0361 181.1201 185.4449 178.0619 176.69 177.1095
79.81512 51.31842 70.44912 43.92094 44.07894 42.21911 32.76737 41.12666 23.82529 67.91582 15.64659 23.21633 0 79.66561 120.2696 124.9151 138.8584 85.48803 167.1422 110.9676 133.9707 144.643 180.5764 178.9031 163.7786 163.2198 164.7184
158.9319 116.5126 149.0315 97.7277 107.7903 81.54881 89.70382 43.11022 89.35152 141.6327 95.24642 102.7305 79.66561 0 176.1429 77.92354 188.8428 10.2345 196.6281 58.08968 128.5899 136.9216 190.7819 168.7565 124.9708 128.0371 133.8889
115.8677 148.4566 118.6405 155.424 147.0623 160.6839 147.1556 154.6403 137.2012 65.38818 114.1592 106.9593 120.2696 176.1429 0 165.8882 22.03113 175.7991 72.96702 166.5273 115.1415 122.0344 111.9181 142.3457 175.3543 169.9494 164.6525
199.1231 174.2971 191.6619 160.103 166.0049 147.4457 149.5369 107.8238 144.7505 161.4491 138.5191 142.4023 124.9151 77.92354 165.8882 0 169.6894 68.19206 155.5141 19.9022 71.03394 74.98435 133.8674 99.89134 47.0645 50.55896 57.40155
137.8472 169.6758 140.6694 175.7614 167.9276 180.076 167.069 171.0092 157.0423 87.21143 133.9912 127.1903 138.8584 188.8428 22.03113 169.6894 0 187.4705 54.30515 172.8461 111.6762 116.9342 96.90949 132.4878 173.1533 167.1293 160.8305
165.2188 124.8448 155.5651 106.5386 116.1077 90.71521 98.06729 51.39276 97.03403 144.8994 101.1346 108.2147 85.48803 10.2345 175.7991 68.19206 187.4705 0 192.4802 48.30093 121.6537 129.5893 184.5383 160.7825 115.2554 118.5169 124.6085
185.2768 207.3196 186.2253 208.9628 203.7852 209.3076 198.7977 190.4505 188.8729 131.5045 166.8599 161.9227 167.1422 196.6281 72.96702 155.5141 54.30515 192.4802 0 164.7337 86.07686 86.50923 46.04339 89.50809 144.4117 137.3438 129.1719
187.7741 158.7928 179.6621 143.5087 150.3149 130.0336 133.3042 89.94073 129.3016 154.2336 125.3815 130.1338 110.9676 58.08968 166.5273 19.9022 172.8461 48.30093 164.7337 0 83.65587 89.36216 147.591 117.0971 66.957 70.39126 76.93521
187.8221 184.3537 183.7651 177.3028 177.8036 170.6081 165.9061 138.8422 157.7204 137.667 141.7759 141.3476 133.9707 128.5899 115.1415 71.03394 111.6762 121.6537 86.07686 83.65587 0 10.71278 64.01109 45.0216 61.56906 55.45381 49.54138
198.1306 195.0625 194.2142 187.9212 188.4981 181.0571 176.521 148.803 168.3797 147.5361 152.4884 152.0361 144.643 136.9216 122.0344 74.98435 116.9342 129.5893 86.50923 89.36216 10.71278 0 58.89365 34.49482 58.20164 51.41345 44.16645
215.0534 226.7966 214.037 224.3405 221.7723 221.1517 213.3302 194.875 203.9958 160.7351 184.1629 181.1201 180.5764 190.7819 111.9181 133.8674 96.90949 184.5383 46.04339 147.591 64.01109 58.89365 0 47.47689 110.9052 103.4306 94.22768
229.2585 229.0466 226.0307 222.312 222.6351 215.5519 210.9178 182.9835 202.6795 177.102 186.2972 185.4449 178.9031 168.7565 142.3457 99.89134 132.4878 160.7825 89.50809 117.0971 45.0216 34.49482 47.47689 0 67.05972 59.62728 50.05321
231.8052 214.7089 225.6845 202.4431 206.8271 191.1644 191.4376 152.5975 185.5018 187.3881 175.7216 178.0619 163.7786 124.9708 175.3543 47.0645 173.1533 115.2554 144.4117 66.957 61.56906 58.20164 110.9052 67.05972 0 7.502204 17.01532
229.6127 214.3612 223.7817 202.71 206.6186 191.9427 191.5984 153.9239 185.3439 184.1601 174.7057 176.69 163.2198 128.0371 169.9494 50.55896 167.1293 118.5169 137.3438 70.39126 55.45381 51.41345 103.4306 59.62728 7.502204 0 9.58106
228.8433 216.0093 223.4075 205.1421 208.4548 195.0176 193.9222 157.7424 187.2869 182.0575 175.5904 177.1095 164.7184 133.8889 164.6525 57.40155 160.8305 124.6085 129.1719 76.93521 49.54138 44.16645 94.22768 50.05321 17.01532 9.58106 0
