0 7.782855 7.091118 11.2089 124.5093 35.12012 99.80285 152.8829 148.9595 151.6994 145.3814 149.8679 139.7139 158.8612 104.3553 110.9281 162.9241 126.4305 169.3854 157.6322 148.6773 152.3991 132.7669 138.8089 167.7571 146.7805 149.8736 161.649
7.782855 0 14.86607 18.97367 117.9795 42.79311 94.08598 146.4923 142.7987 145.7807 139.6456 144.1981 134.1351 154.3546 110.4749 116.6652 159.9062 131.3965 166.7345 155.5312 147.1802 150.7741 137.3608 143.1695 166.7997 147.7329 153.6321 163.9807
7.091118 14.86607 0 4.123106 130.7996 28.30636 105.5203 159.0503 154.9546 157.5061 151.0515 155.4823 145.2674 163.5349 99.30484 106.275 166.352 122.5468 172.4905 160.2837 150.8218 154.6475 129.2478 135.5113 169.3888 146.731 147.1504 160.2781
11.2089 18.97367 4.123106 0 134.6017 24.5204 109.059 162.7882 158.6098 161.068 154.5474 158.949 148.707 166.5173 96.68713 103.9097 168.6713 120.655 174.6311 162.1845 152.4507 156.3305 127.5774 133.972 170.717 147.1224 145.9529 159.8822
124.5093 117.9795 130.7996 134.6017 0 152.2196 30.51473 28.77312 26.94334 32.66385 30.5321 35.16686 29.71253 62.68315 186.1846 185.9286 91.586 186.9655 102.217 103.5527 107.8775 108.0597 186.4819 187.7229 128.7999 144.0983 187.3597 175.0289
35.12012 42.79311 28.30636 24.5204 152.2196 0 124.6 179.5863 174.6589 176.2664 169.2281 173.3478 162.9677 177.0369 75.50414 83.77952 174.4599 102.5706 179.1491 165.2616 153.9077 158.0781 110.5045 117.4803 170.0319 141.0895 131.0766 149.1627
99.80285 94.08598 105.5203 109.059 30.51473 124.6 0 55.31882 50.06054 52.01935 45.58248 50.11216 40.10101 64.90276 155.6714 155.4923 83.45981 157.0771 93.29138 89.78502 90.16828 91.46562 157.0074 158.6296 112.2955 120.0886 159.3187 149.729
152.8829 146.4923 159.0503 162.7882 28.77312 179.5863 55.31882 0 8.304821 14.83866 20.93376 21.98123 26.71624 53.12606 208.2472 206.9715 87.46428 205.6312 97.86597 103.7747 111.7462 110.7756 204 204.3222 130.2347 153.4438 201.8471 185.3678
148.9595 142.7987 154.9546 158.6098 26.94334 174.6589 50.06054 8.304821 0 7.809855 12.6784 14.28655 18.4472 45.82064 201.2305 199.7365 79.70722 197.9907 90.18403 95.68498 103.4879 102.5595 196.2078 196.4242 122.1155 145.1524 193.7598 177.0877
151.6994 145.7807 157.5061 161.068 32.66385 176.2664 52.01935 14.83866 7.809855 0 8.089405 7.290366 15.0079 38.33676 199.8737 197.9808 72.63986 195.3887 83.02915 89.18219 97.60014 96.45587 193.237 193.167 115.6748 140.1824 189.8976 172.2201
145.3814 139.6456 151.0515 154.5474 30.5321 169.2281 45.58248 20.93376 12.6784 8.089405 0 4.867233 6.934132 34.47681 191.8444 189.9105 67.47016 187.3082 78.02454 83.07564 90.81616 89.88212 185.187 185.1566 109.4805 132.7475 182.0201 164.736
149.8679 144.1981 155.4823 158.949 35.16686 173.3478 50.11216 21.98123 14.28655 7.290366 4.867233 0 10.39095 31.56402 194.6306 192.4779 65.50767 189.3742 75.94718 81.90143 90.33676 89.17138 187.0186 186.7979 108.3907 133.1165 183.2384 165.1767
139.7139 134.1351 145.2674 148.707 29.71253 162.9677 40.10101 26.71624 18.4472 15.0079 6.934132 10.39095 0 33.06035 184.9142 182.978 64.07859 180.4439 74.72519 78.60742 85.58869 84.88751 178.3857 178.4194 104.8387 126.7353 175.4652 158.6516
158.8612 154.3546 163.5349 166.5173 62.68315 177.0369 64.90276 53.12606 45.82064 38.33676 34.47681 31.56402 33.06035 0 185.5675 181.8058 35.13525 175.2605 45.14566 53.63471 64.63618 62.51043 171.4249 170.0289 79.89478 110.2593 164.0495 142.177
104.3553 110.4749 99.30484 96.68713 186.1846 75.50414 155.6714 208.2472 201.2305 199.8737 191.8444 194.6306 184.9142 185.5675 0 10.54516 168.573 32.96603 168.755 152.261 137.6881 142.073 42.9197 50.70864 144.7801 103.8196 67.45101 95.85715
110.9281 116.6652 106.275 103.9097 185.9286 83.77952 155.4923 206.9715 199.7365 197.9808 189.9105 192.4779 182.978 181.8058 10.54516 0 163.1653 22.42203 162.7765 146.189 131.4526 135.7865 32.3964 40.18239 137.3067 95.56747 56.98382 85.93658
162.9241 159.9062 166.352 168.6713 91.586 174.4599 83.45981 87.46428 79.70722 72.63986 67.47016 65.50767 64.07859 35.13525 168.573 163.1653 0 153.08 10.66465 20.41761 34.32812 30.94576 147.7633 145.1581 45.40365 80.65358 136.8011 111.5615
126.4305 131.3965 122.5468 120.655 186.9655 102.5706 157.0771 205.6312 197.9907 195.3887 187.3082 189.3742 180.4439 175.2605 32.96603 22.42203 153.08 0 151.3655 134.7569 119.8487 123.9906 10.08848 17.82191 122.598 79.52596 34.80284 65.30931
169.3854 166.7345 172.4905 174.6311 102.217 179.1491 93.29138 97.86597 90.18403 83.02915 78.02454 75.94718 74.72519 45.14566 168.755 162.7765 10.66465 151.3655 0 16.634 31.52589 27.39406 145.4612 142.3393 37.52373 76.19143 132.9213 106.0538
157.6322 155.5312 160.2837 162.1845 103.5527 165.2616 89.78502 103.7747 95.68498 89.18219 83.07564 81.90143 78.60742 53.63471 152.261 146.189 20.41761 134.7569 16.634 0 14.90865 10.91556 128.9351 125.9365 26.50923 60.46577 116.9275 91.1623
148.6773 147.1802 150.8218 152.4507 107.8775 153.9077 90.16828 111.7462 103.4879 97.60014 90.81616 90.33676 85.58869 64.63618 137.6881 131.4526 34.32812 119.8487 31.52589 14.90865 0 4.438468 114.0527 111.1342 22.28471 46.48462 102.4755 77.90059
152.3991 150.7741 154.6475 156.3305 108.0597 158.0781 91.46562 110.7756 102.5595 96.45587 89.88212 89.17138 84.88751 62.51043 142.073 135.7865 30.94576 123.9906 27.39406 10.91556 4.438468 0 118.0747 115.0304 20.93281 49.71358 106.0504 80.74052
132.7669 137.3608 129.2478 127.5774 186.4819 110.5045 157.0074 204 196.2078 193.237 185.187 187.0186 178.3857 171.4249 42.9197 32.3964 147.7633 10.08848 145.4612 128.9351 114.0527 118.0747 0 7.789899 115.3575 72.00694 24.7147 55.69788
138.8089 143.1695 135.5113 133.972 187.7229 117.4803 158.6296 204.3222 196.4242 193.167 185.1566 186.7979 178.4194 170.0289 50.70864 40.18239 145.1581 17.82191 142.3393 125.9365 111.1342 115.0304 7.789899 0 111.0776 67.67679 17.08812 48.98522
167.7571 166.7997 169.3888 170.717 128.7999 170.0319 112.2955 130.2347 122.1155 115.6748 109.4805 108.3907 104.8387 79.89478 144.7801 137.3067 45.40365 122.598 37.52373 26.50923 22.28471 20.93281 115.3575 111.0776 0 43.41011 99.53465 70.17377
146.7805 147.7329 146.731 147.1224 144.0983 141.0895 120.0886 153.4438 145.1524 140.1824 132.7475 133.1165 126.7353 110.2593 103.8196 95.56747 80.65358 79.52596 76.19143 60.46577 46.48462 49.71358 72.00694 67.67679 43.41011 0 56.83147 32.10324
149.8736 153.6321 147.1504 145.9529 187.3597 131.0766 159.3187 201.8471 193.7598 189.8976 182.0201 183.2384 175.4652 164.0495 67.45101 56.98382 136.8011 34.80284 132.9213 116.9275 102.4755 106.0504 24.7147 17.08812 99.53465 56.83147 0 33.23383
161.649 163.9807 160.2781 159.8822 175.0289 149.1627 149.729 185.3678 177.0877 172.2201 164.736 165.1767 158.6516 142.177 95.85715 85.93658 111.5615 65.30931 106.0538 91.1623 77.90059 80.74052 55.69788 48.98522 70.17377 32.10324 33.23383 0
